dataset,tag,run_id,method,feature_index,param_opt,final_auc,grid
17_InternetAds,t100,133,zscore,0,0.00000000,0.50008953,"NONRELEVANT:BINARY_FIXED_0_1"
17_InternetAds,t100,133,zscore,1,0.00000000,0.50008953,"NONRELEVANT:BINARY_FIXED_0_1"
17_InternetAds,t100,133,zscore,2,0.00000000,0.50008953,"NONRELEVANT:BINARY_FIXED_0_1"
17_InternetAds,t100,133,zscore,3,0.00000000,0.50008953,"NONRELEVANT:BINARY_FIXED_0_1"
17_InternetAds,t100,133,zscore,4,0.00000000,0.50008953,"NONRELEVANT:BINARY_FIXED_0_1"
17_InternetAds,t100,133,zscore,5,0.00000000,0.50008953,"NONRELEVANT:BINARY_FIXED_0_1"
17_InternetAds,t100,133,zscore,6,0.00000000,0.50008953,"NONRELEVANT:BINARY_FIXED_0_1"
17_InternetAds,t100,133,zscore,7,0.00000000,0.50008953,"NONRELEVANT:BINARY_FIXED_0_1"
17_InternetAds,t100,133,zscore,9,0.00000000,0.50008953,"NONRELEVANT:BINARY_FIXED_0_1"
17_InternetAds,t100,133,zscore,10,0.00000000,0.50008953,"NONRELEVANT:BINARY_FIXED_0_1"
17_InternetAds,t100,133,zscore,12,0.00000000,0.50008953,"NONRELEVANT:BINARY_FIXED_0_1"
17_InternetAds,t100,133,zscore,13,0.00000000,0.50008953,"NONRELEVANT:BINARY_FIXED_0_1"
17_InternetAds,t100,133,zscore,14,0.00000000,0.50008953,"NONRELEVANT:BINARY_FIXED_0_1"
17_InternetAds,t100,133,zscore,15,0.00000000,0.50008953,"NONRELEVANT:BINARY_FIXED_0_1"
17_InternetAds,t100,133,zscore,16,0.00000000,0.50008953,"NONRELEVANT:BINARY_FIXED_0_1"
17_InternetAds,t100,133,zscore,19,0.00000000,0.50008953,"NONRELEVANT:BINARY_FIXED_0_1"
17_InternetAds,t100,133,zscore,20,0.00000000,0.50008953,"NONRELEVANT:BINARY_FIXED_0_1"
17_InternetAds,t100,133,zscore,21,0.00000000,0.50008953,"NONRELEVANT:BINARY_FIXED_0_1"
17_InternetAds,t100,133,zscore,22,0.00000000,0.50008953,"NONRELEVANT:BINARY_FIXED_0_1"
17_InternetAds,t100,133,zscore,24,0.00000000,0.50008953,"NONRELEVANT:BINARY_FIXED_0_1"
17_InternetAds,t100,133,zscore,25,0.00000000,0.50008953,"NONRELEVANT:BINARY_FIXED_0_1"
17_InternetAds,t100,133,zscore,26,0.00000000,0.50008953,"NONRELEVANT:BINARY_FIXED_0_1"
17_InternetAds,t100,133,zscore,27,0.00000000,0.50008953,"NONRELEVANT:BINARY_FIXED_0_1"
17_InternetAds,t100,133,zscore,28,0.00000000,0.50008953,"NONRELEVANT:BINARY_FIXED_0_1"
17_InternetAds,t100,133,zscore,29,0.00000000,0.50008953,"NONRELEVANT:BINARY_FIXED_0_1"
17_InternetAds,t100,133,zscore,30,0.00000000,0.50008953,"NONRELEVANT:BINARY_FIXED_0_1"
17_InternetAds,t100,133,zscore,31,0.00000000,0.50008953,"NONRELEVANT:BINARY_FIXED_0_1"
17_InternetAds,t100,133,zscore,32,0.00000000,0.50008953,"NONRELEVANT:BINARY_FIXED_0_1"
17_InternetAds,t100,133,zscore,34,0.00000000,0.50008953,"NONRELEVANT:BINARY_FIXED_0_1"
17_InternetAds,t100,133,zscore,35,0.00000000,0.50008953,"NONRELEVANT:BINARY_FIXED_0_1"
17_InternetAds,t100,133,zscore,36,0.00000000,0.50008953,"NONRELEVANT:BINARY_FIXED_0_1"
17_InternetAds,t100,133,zscore,37,0.00000000,0.50008953,"NONRELEVANT:BINARY_FIXED_0_1"
17_InternetAds,t100,133,zscore,38,0.00000000,0.50008953,"NONRELEVANT:BINARY_FIXED_0_1"
17_InternetAds,t100,133,zscore,39,0.00000000,0.50008953,"NONRELEVANT:BINARY_FIXED_0_1"
17_InternetAds,t100,133,zscore,40,0.00000000,0.50008953,"NONRELEVANT:BINARY_FIXED_0_1"
17_InternetAds,t100,133,zscore,41,0.00000000,0.50008953,"NONRELEVANT:BINARY_FIXED_0_1"
17_InternetAds,t100,133,zscore,42,0.00000000,0.50008953,"NONRELEVANT:BINARY_FIXED_0_1"
17_InternetAds,t100,133,zscore,43,0.00000000,0.50008953,"NONRELEVANT:BINARY_FIXED_0_1"
17_InternetAds,t100,133,zscore,44,0.00000000,0.50008953,"NONRELEVANT:BINARY_FIXED_0_1"
17_InternetAds,t100,133,zscore,45,0.00000000,0.50008953,"NONRELEVANT:BINARY_FIXED_0_1"
17_InternetAds,t100,133,zscore,46,0.00000000,0.50008953,"NONRELEVANT:BINARY_FIXED_0_1"
17_InternetAds,t100,133,zscore,47,0.00000000,0.50008953,"NONRELEVANT:BINARY_FIXED_0_1"
17_InternetAds,t100,133,zscore,48,0.00000000,0.50008953,"NONRELEVANT:BINARY_FIXED_0_1"
17_InternetAds,t100,133,zscore,49,0.00000000,0.50008953,"NONRELEVANT:BINARY_FIXED_0_1"
17_InternetAds,t100,133,zscore,50,0.00000000,0.50008953,"NONRELEVANT:BINARY_FIXED_0_1"
17_InternetAds,t100,133,zscore,51,0.00000000,0.50008953,"NONRELEVANT:BINARY_FIXED_0_1"
17_InternetAds,t100,133,zscore,52,0.00000000,0.50008953,"NONRELEVANT:BINARY_FIXED_0_1"
17_InternetAds,t100,133,zscore,53,0.00000000,0.50008953,"NONRELEVANT:BINARY_FIXED_0_1"
17_InternetAds,t100,133,zscore,54,0.00000000,0.50008953,"NONRELEVANT:BINARY_FIXED_0_1"
17_InternetAds,t100,133,zscore,57,0.00000000,0.50008953,"NONRELEVANT:BINARY_FIXED_0_1"
17_InternetAds,t100,133,zscore,58,0.00000000,0.50008953,"NONRELEVANT:BINARY_FIXED_0_1"
17_InternetAds,t100,133,zscore,59,0.00000000,0.50008953,"NONRELEVANT:BINARY_FIXED_0_1"
17_InternetAds,t100,133,zscore,60,0.00000000,0.50008953,"NONRELEVANT:BINARY_FIXED_0_1"
17_InternetAds,t100,133,zscore,61,0.00000000,0.50008953,"NONRELEVANT:BINARY_FIXED_0_1"
17_InternetAds,t100,133,zscore,63,0.00000000,0.50008953,"NONRELEVANT:BINARY_FIXED_0_1"
17_InternetAds,t100,133,zscore,64,0.00000000,0.50008953,"NONRELEVANT:BINARY_FIXED_0_1"
17_InternetAds,t100,133,zscore,65,0.00000000,0.50008953,"NONRELEVANT:BINARY_FIXED_0_1"
17_InternetAds,t100,133,zscore,68,0.00000000,0.50008953,"NONRELEVANT:BINARY_FIXED_0_1"
17_InternetAds,t100,133,zscore,69,0.00000000,0.50008953,"NONRELEVANT:BINARY_FIXED_0_1"
17_InternetAds,t100,133,zscore,70,0.00000000,0.50008953,"NONRELEVANT:BINARY_FIXED_0_1"
17_InternetAds,t100,133,zscore,71,0.00000000,0.50008953,"NONRELEVANT:BINARY_FIXED_0_1"
17_InternetAds,t100,133,zscore,72,0.00000000,0.50008953,"NONRELEVANT:BINARY_FIXED_0_1"
17_InternetAds,t100,133,zscore,73,0.00000000,0.50008953,"NONRELEVANT:BINARY_FIXED_0_1"
17_InternetAds,t100,133,zscore,74,0.00000000,0.50008953,"NONRELEVANT:BINARY_FIXED_0_1"
17_InternetAds,t100,133,zscore,75,0.00000000,0.50008953,"NONRELEVANT:BINARY_FIXED_0_1"
17_InternetAds,t100,133,zscore,76,0.00000000,0.50008953,"NONRELEVANT:BINARY_FIXED_0_1"
17_InternetAds,t100,133,zscore,77,0.00000000,0.50008953,"NONRELEVANT:BINARY_FIXED_0_1"
17_InternetAds,t100,133,zscore,78,0.00000000,0.50008953,"NONRELEVANT:BINARY_FIXED_0_1"
17_InternetAds,t100,133,zscore,79,0.00000000,0.50008953,"NONRELEVANT:BINARY_FIXED_0_1"
17_InternetAds,t100,133,zscore,80,0.00000000,0.50008953,"NONRELEVANT:BINARY_FIXED_0_1"
17_InternetAds,t100,133,zscore,82,0.00000000,0.50008953,"NONRELEVANT:BINARY_FIXED_0_1"
17_InternetAds,t100,133,zscore,84,0.00000000,0.50008953,"NONRELEVANT:BINARY_FIXED_0_1"
17_InternetAds,t100,133,zscore,85,0.00000000,0.50008953,"NONRELEVANT:BINARY_FIXED_0_1"
17_InternetAds,t100,133,zscore,86,0.00000000,0.50008953,"NONRELEVANT:BINARY_FIXED_0_1"
17_InternetAds,t100,133,zscore,87,0.00000000,0.50008953,"NONRELEVANT:BINARY_FIXED_0_1"
17_InternetAds,t100,133,zscore,88,0.00000000,0.50008953,"NONRELEVANT:BINARY_FIXED_0_1"
17_InternetAds,t100,133,zscore,89,0.00000000,0.50008953,"NONRELEVANT:BINARY_FIXED_0_1"
17_InternetAds,t100,133,zscore,90,0.00000000,0.50008953,"NONRELEVANT:BINARY_FIXED_0_1"
17_InternetAds,t100,133,zscore,91,0.00000000,0.50008953,"NONRELEVANT:BINARY_FIXED_0_1"
17_InternetAds,t100,133,zscore,94,0.00000000,0.50008953,"NONRELEVANT:BINARY_FIXED_0_1"
17_InternetAds,t100,133,zscore,95,0.00000000,0.50008953,"NONRELEVANT:BINARY_FIXED_0_1"
17_InternetAds,t100,133,zscore,96,0.00000000,0.50008953,"NONRELEVANT:BINARY_FIXED_0_1"
17_InternetAds,t100,133,zscore,97,0.00000000,0.50008953,"NONRELEVANT:BINARY_FIXED_0_1"
17_InternetAds,t100,133,zscore,98,0.00000000,0.50008953,"NONRELEVANT:BINARY_FIXED_0_1"
17_InternetAds,t100,133,zscore,100,0.00000000,0.50008953,"NONRELEVANT:BINARY_FIXED_0_1"
17_InternetAds,t100,133,zscore,102,0.00000000,0.50008953,"NONRELEVANT:BINARY_FIXED_0_1"
17_InternetAds,t100,133,zscore,103,0.00000000,0.50008953,"NONRELEVANT:BINARY_FIXED_0_1"
17_InternetAds,t100,133,zscore,104,0.00000000,0.50008953,"NONRELEVANT:BINARY_FIXED_0_1"
17_InternetAds,t100,133,zscore,105,0.00000000,0.50008953,"NONRELEVANT:BINARY_FIXED_0_1"
17_InternetAds,t100,133,zscore,106,0.00000000,0.50008953,"NONRELEVANT:BINARY_FIXED_0_1"
17_InternetAds,t100,133,zscore,107,0.00000000,0.50008953,"NONRELEVANT:BINARY_FIXED_0_1"
17_InternetAds,t100,133,zscore,108,0.00000000,0.50008953,"NONRELEVANT:BINARY_FIXED_0_1"
17_InternetAds,t100,133,zscore,109,0.00000000,0.50008953,"NONRELEVANT:BINARY_FIXED_0_1"
17_InternetAds,t100,133,zscore,111,0.00000000,0.50008953,"NONRELEVANT:BINARY_FIXED_0_1"
17_InternetAds,t100,133,zscore,112,0.00000000,0.50008953,"NONRELEVANT:BINARY_FIXED_0_1"
17_InternetAds,t100,133,zscore,113,0.00000000,0.50008953,"NONRELEVANT:BINARY_FIXED_0_1"
17_InternetAds,t100,133,zscore,114,0.00000000,0.50008953,"NONRELEVANT:BINARY_FIXED_0_1"
17_InternetAds,t100,133,zscore,115,0.00000000,0.50008953,"NONRELEVANT:BINARY_FIXED_0_1"
17_InternetAds,t100,133,zscore,116,0.00000000,0.50008953,"NONRELEVANT:BINARY_FIXED_0_1"
17_InternetAds,t100,133,zscore,117,0.00000000,0.50008953,"NONRELEVANT:BINARY_FIXED_0_1"
17_InternetAds,t100,133,zscore,118,0.00000000,0.50008953,"NONRELEVANT:BINARY_FIXED_0_1"
17_InternetAds,t100,133,zscore,119,0.00000000,0.50008953,"NONRELEVANT:BINARY_FIXED_0_1"
17_InternetAds,t100,133,zscore,120,0.00000000,0.50008953,"NONRELEVANT:BINARY_FIXED_0_1"
17_InternetAds,t100,133,zscore,121,0.00000000,0.50008953,"NONRELEVANT:BINARY_FIXED_0_1"
17_InternetAds,t100,133,zscore,122,0.00000000,0.50008953,"NONRELEVANT:BINARY_FIXED_0_1"
17_InternetAds,t100,133,zscore,123,0.00000000,0.50008953,"NONRELEVANT:BINARY_FIXED_0_1"
17_InternetAds,t100,133,zscore,124,0.00000000,0.50008953,"NONRELEVANT:BINARY_FIXED_0_1"
17_InternetAds,t100,133,zscore,125,0.00000000,0.50008953,"NONRELEVANT:BINARY_FIXED_0_1"
17_InternetAds,t100,133,zscore,126,0.00000000,0.50008953,"NONRELEVANT:BINARY_FIXED_0_1"
17_InternetAds,t100,133,zscore,127,0.00000000,0.50008953,"NONRELEVANT:BINARY_FIXED_0_1"
17_InternetAds,t100,133,zscore,128,0.00000000,0.50008953,"NONRELEVANT:BINARY_FIXED_0_1"
17_InternetAds,t100,133,zscore,129,0.00000000,0.50008953,"NONRELEVANT:BINARY_FIXED_0_1"
17_InternetAds,t100,133,zscore,130,0.00000000,0.50008953,"NONRELEVANT:BINARY_FIXED_0_1"
17_InternetAds,t100,133,zscore,132,0.00000000,0.50008953,"NONRELEVANT:BINARY_FIXED_0_1"
17_InternetAds,t100,133,zscore,133,0.00000000,0.50008953,"NONRELEVANT:BINARY_FIXED_0_1"
17_InternetAds,t100,133,zscore,134,0.00000000,0.50008953,"NONRELEVANT:BINARY_FIXED_0_1"
17_InternetAds,t100,133,zscore,135,0.00000000,0.50008953,"NONRELEVANT:BINARY_FIXED_0_1"
17_InternetAds,t100,133,zscore,136,0.00000000,0.50008953,"NONRELEVANT:BINARY_FIXED_0_1"
17_InternetAds,t100,133,zscore,137,0.00000000,0.50008953,"NONRELEVANT:BINARY_FIXED_0_1"
17_InternetAds,t100,133,zscore,138,0.00000000,0.50008953,"NONRELEVANT:BINARY_FIXED_0_1"
17_InternetAds,t100,133,zscore,139,0.00000000,0.50008953,"NONRELEVANT:BINARY_FIXED_0_1"
17_InternetAds,t100,133,zscore,140,0.00000000,0.50008953,"NONRELEVANT:BINARY_FIXED_0_1"
17_InternetAds,t100,133,zscore,141,0.00000000,0.50008953,"NONRELEVANT:BINARY_FIXED_0_1"
17_InternetAds,t100,133,zscore,142,0.00000000,0.50008953,"NONRELEVANT:BINARY_FIXED_0_1"
17_InternetAds,t100,133,zscore,143,0.00000000,0.50008953,"NONRELEVANT:BINARY_FIXED_0_1"
17_InternetAds,t100,133,zscore,144,0.00000000,0.50008953,"NONRELEVANT:BINARY_FIXED_0_1"
17_InternetAds,t100,133,zscore,145,0.00000000,0.50008953,"NONRELEVANT:BINARY_FIXED_0_1"
17_InternetAds,t100,133,zscore,146,0.00000000,0.50008953,"NONRELEVANT:BINARY_FIXED_0_1"
17_InternetAds,t100,133,zscore,147,0.00000000,0.50008953,"NONRELEVANT:BINARY_FIXED_0_1"
17_InternetAds,t100,133,zscore,148,0.00000000,0.50008953,"NONRELEVANT:BINARY_FIXED_0_1"
17_InternetAds,t100,133,zscore,149,0.00000000,0.50008953,"NONRELEVANT:BINARY_FIXED_0_1"
17_InternetAds,t100,133,zscore,150,0.00000000,0.50008953,"NONRELEVANT:BINARY_FIXED_0_1"
17_InternetAds,t100,133,zscore,151,0.00000000,0.50008953,"NONRELEVANT:BINARY_FIXED_0_1"
17_InternetAds,t100,133,zscore,153,0.00000000,0.50008953,"NONRELEVANT:BINARY_FIXED_0_1"
17_InternetAds,t100,133,zscore,154,0.00000000,0.50008953,"NONRELEVANT:BINARY_FIXED_0_1"
17_InternetAds,t100,133,zscore,156,0.00000000,0.50008953,"NONRELEVANT:BINARY_FIXED_0_1"
17_InternetAds,t100,133,zscore,157,0.00000000,0.50008953,"NONRELEVANT:BINARY_FIXED_0_1"
17_InternetAds,t100,133,zscore,158,0.00000000,0.50008953,"NONRELEVANT:BINARY_FIXED_0_1"
17_InternetAds,t100,133,zscore,159,0.00000000,0.50008953,"NONRELEVANT:BINARY_FIXED_0_1"
17_InternetAds,t100,133,zscore,161,0.00000000,0.50008953,"NONRELEVANT:BINARY_FIXED_0_1"
17_InternetAds,t100,133,zscore,162,0.00000000,0.50008953,"NONRELEVANT:BINARY_FIXED_0_1"
17_InternetAds,t100,133,zscore,163,0.00000000,0.50008953,"NONRELEVANT:BINARY_FIXED_0_1"
17_InternetAds,t100,133,zscore,165,0.00000000,0.50008953,"NONRELEVANT:BINARY_FIXED_0_1"
17_InternetAds,t100,133,zscore,166,0.00000000,0.50008953,"NONRELEVANT:BINARY_FIXED_0_1"
17_InternetAds,t100,133,zscore,167,0.00000000,0.50008953,"NONRELEVANT:BINARY_FIXED_0_1"
17_InternetAds,t100,133,zscore,168,0.00000000,0.50008953,"NONRELEVANT:BINARY_FIXED_0_1"
17_InternetAds,t100,133,zscore,169,0.00000000,0.50008953,"NONRELEVANT:BINARY_FIXED_0_1"
17_InternetAds,t100,133,zscore,170,0.00000000,0.50008953,"NONRELEVANT:BINARY_FIXED_0_1"
17_InternetAds,t100,133,zscore,171,0.00000000,0.50008953,"NONRELEVANT:BINARY_FIXED_0_1"
17_InternetAds,t100,133,zscore,173,0.00000000,0.50008953,"NONRELEVANT:BINARY_FIXED_0_1"
17_InternetAds,t100,133,zscore,174,0.00000000,0.50008953,"NONRELEVANT:BINARY_FIXED_0_1"
17_InternetAds,t100,133,zscore,175,0.00000000,0.50008953,"NONRELEVANT:BINARY_FIXED_0_1"
17_InternetAds,t100,133,zscore,176,0.00000000,0.50008953,"NONRELEVANT:BINARY_FIXED_0_1"
17_InternetAds,t100,133,zscore,177,0.00000000,0.50008953,"NONRELEVANT:BINARY_FIXED_0_1"
17_InternetAds,t100,133,zscore,179,0.00000000,0.50008953,"NONRELEVANT:BINARY_FIXED_0_1"
17_InternetAds,t100,133,zscore,180,0.00000000,0.50008953,"NONRELEVANT:BINARY_FIXED_0_1"
17_InternetAds,t100,133,zscore,181,0.00000000,0.50008953,"NONRELEVANT:BINARY_FIXED_0_1"
17_InternetAds,t100,133,zscore,183,0.00000000,0.50008953,"NONRELEVANT:BINARY_FIXED_0_1"
17_InternetAds,t100,133,zscore,184,0.00000000,0.50008953,"NONRELEVANT:BINARY_FIXED_0_1"
17_InternetAds,t100,133,zscore,185,0.00000000,0.50008953,"NONRELEVANT:BINARY_FIXED_0_1"
17_InternetAds,t100,133,zscore,188,0.00000000,0.50008953,"NONRELEVANT:BINARY_FIXED_0_1"
17_InternetAds,t100,133,zscore,189,0.00000000,0.50008953,"NONRELEVANT:BINARY_FIXED_0_1"
17_InternetAds,t100,133,zscore,191,0.00000000,0.50008953,"NONRELEVANT:BINARY_FIXED_0_1"
17_InternetAds,t100,133,zscore,192,0.00000000,0.50008953,"NONRELEVANT:BINARY_FIXED_0_1"
17_InternetAds,t100,133,zscore,193,0.00000000,0.50008953,"NONRELEVANT:BINARY_FIXED_0_1"
17_InternetAds,t100,133,zscore,194,0.00000000,0.50008953,"NONRELEVANT:BINARY_FIXED_0_1"
17_InternetAds,t100,133,zscore,195,0.00000000,0.50008953,"NONRELEVANT:BINARY_FIXED_0_1"
17_InternetAds,t100,133,zscore,196,0.00000000,0.50008953,"NONRELEVANT:BINARY_FIXED_0_1"
17_InternetAds,t100,133,zscore,197,0.00000000,0.50008953,"NONRELEVANT:BINARY_FIXED_0_1"
17_InternetAds,t100,133,zscore,198,0.00000000,0.50008953,"NONRELEVANT:BINARY_FIXED_0_1"
17_InternetAds,t100,133,zscore,199,0.00000000,0.50008953,"NONRELEVANT:BINARY_FIXED_0_1"
17_InternetAds,t100,133,zscore,200,0.00000000,0.50008953,"NONRELEVANT:BINARY_FIXED_0_1"
17_InternetAds,t100,133,zscore,201,0.00000000,0.50008953,"NONRELEVANT:BINARY_FIXED_0_1"
17_InternetAds,t100,133,zscore,202,0.00000000,0.50008953,"NONRELEVANT:BINARY_FIXED_0_1"
17_InternetAds,t100,133,zscore,203,0.00000000,0.50008953,"NONRELEVANT:BINARY_FIXED_0_1"
17_InternetAds,t100,133,zscore,204,0.00000000,0.50008953,"NONRELEVANT:BINARY_FIXED_0_1"
17_InternetAds,t100,133,zscore,205,0.00000000,0.50008953,"NONRELEVANT:BINARY_FIXED_0_1"
17_InternetAds,t100,133,zscore,206,0.00000000,0.50008953,"NONRELEVANT:BINARY_FIXED_0_1"
17_InternetAds,t100,133,zscore,207,0.00000000,0.50008953,"NONRELEVANT:BINARY_FIXED_0_1"
17_InternetAds,t100,133,zscore,208,0.00000000,0.50008953,"NONRELEVANT:BINARY_FIXED_0_1"
17_InternetAds,t100,133,zscore,209,0.00000000,0.50008953,"NONRELEVANT:BINARY_FIXED_0_1"
17_InternetAds,t100,133,zscore,210,0.00000000,0.50008953,"NONRELEVANT:BINARY_FIXED_0_1"
17_InternetAds,t100,133,zscore,211,0.00000000,0.50008953,"NONRELEVANT:BINARY_FIXED_0_1"
17_InternetAds,t100,133,zscore,212,0.00000000,0.50008953,"NONRELEVANT:BINARY_FIXED_0_1"
17_InternetAds,t100,133,zscore,213,0.00000000,0.50008953,"NONRELEVANT:BINARY_FIXED_0_1"
17_InternetAds,t100,133,zscore,214,0.00000000,0.50008953,"NONRELEVANT:BINARY_FIXED_0_1"
17_InternetAds,t100,133,zscore,215,0.00000000,0.50008953,"NONRELEVANT:BINARY_FIXED_0_1"
17_InternetAds,t100,133,zscore,216,0.00000000,0.50008953,"NONRELEVANT:BINARY_FIXED_0_1"
17_InternetAds,t100,133,zscore,217,0.00000000,0.50008953,"NONRELEVANT:BINARY_FIXED_0_1"
17_InternetAds,t100,133,zscore,218,0.00000000,0.50008953,"NONRELEVANT:BINARY_FIXED_0_1"
17_InternetAds,t100,133,zscore,219,0.00000000,0.50008953,"NONRELEVANT:BINARY_FIXED_0_1"
17_InternetAds,t100,133,zscore,220,0.00000000,0.50008953,"NONRELEVANT:BINARY_FIXED_0_1"
17_InternetAds,t100,133,zscore,222,0.00000000,0.50008953,"NONRELEVANT:BINARY_FIXED_0_1"
17_InternetAds,t100,133,zscore,223,0.00000000,0.50008953,"NONRELEVANT:BINARY_FIXED_0_1"
17_InternetAds,t100,133,zscore,224,0.00000000,0.50008953,"NONRELEVANT:BINARY_FIXED_0_1"
17_InternetAds,t100,133,zscore,225,0.00000000,0.50008953,"NONRELEVANT:BINARY_FIXED_0_1"
17_InternetAds,t100,133,zscore,226,0.00000000,0.50008953,"NONRELEVANT:BINARY_FIXED_0_1"
17_InternetAds,t100,133,zscore,227,0.00000000,0.50008953,"NONRELEVANT:BINARY_FIXED_0_1"
17_InternetAds,t100,133,zscore,228,0.00000000,0.50008953,"NONRELEVANT:BINARY_FIXED_0_1"
17_InternetAds,t100,133,zscore,229,0.00000000,0.50008953,"NONRELEVANT:BINARY_FIXED_0_1"
17_InternetAds,t100,133,zscore,230,0.00000000,0.50008953,"NONRELEVANT:BINARY_FIXED_0_1"
17_InternetAds,t100,133,zscore,231,0.00000000,0.50008953,"NONRELEVANT:BINARY_FIXED_0_1"
17_InternetAds,t100,133,zscore,232,0.00000000,0.50008953,"NONRELEVANT:BINARY_FIXED_0_1"
17_InternetAds,t100,133,zscore,233,0.00000000,0.50008953,"NONRELEVANT:BINARY_FIXED_0_1"
17_InternetAds,t100,133,zscore,234,0.00000000,0.50008953,"NONRELEVANT:BINARY_FIXED_0_1"
17_InternetAds,t100,133,zscore,235,0.00000000,0.50008953,"NONRELEVANT:BINARY_FIXED_0_1"
17_InternetAds,t100,133,zscore,236,0.00000000,0.50008953,"NONRELEVANT:BINARY_FIXED_0_1"
17_InternetAds,t100,133,zscore,237,0.00000000,0.50008953,"NONRELEVANT:BINARY_FIXED_0_1"
17_InternetAds,t100,133,zscore,238,0.00000000,0.50008953,"NONRELEVANT:BINARY_FIXED_0_1"
17_InternetAds,t100,133,zscore,239,0.00000000,0.50008953,"NONRELEVANT:BINARY_FIXED_0_1"
17_InternetAds,t100,133,zscore,240,0.00000000,0.50008953,"NONRELEVANT:BINARY_FIXED_0_1"
17_InternetAds,t100,133,zscore,241,0.00000000,0.50008953,"NONRELEVANT:BINARY_FIXED_0_1"
17_InternetAds,t100,133,zscore,242,0.00000000,0.50008953,"NONRELEVANT:BINARY_FIXED_0_1"
17_InternetAds,t100,133,zscore,243,0.00000000,0.50008953,"NONRELEVANT:BINARY_FIXED_0_1"
17_InternetAds,t100,133,zscore,244,0.00000000,0.50008953,"NONRELEVANT:BINARY_FIXED_0_1"
17_InternetAds,t100,133,zscore,246,0.00000000,0.50008953,"NONRELEVANT:BINARY_FIXED_0_1"
17_InternetAds,t100,133,zscore,247,0.00000000,0.50008953,"NONRELEVANT:BINARY_FIXED_0_1"
17_InternetAds,t100,133,zscore,248,0.00000000,0.50008953,"NONRELEVANT:BINARY_FIXED_0_1"
17_InternetAds,t100,133,zscore,249,0.00000000,0.50008953,"NONRELEVANT:BINARY_FIXED_0_1"
17_InternetAds,t100,133,zscore,250,0.00000000,0.50008953,"NONRELEVANT:BINARY_FIXED_0_1"
17_InternetAds,t100,133,zscore,251,0.00000000,0.50008953,"NONRELEVANT:BINARY_FIXED_0_1"
17_InternetAds,t100,133,zscore,252,0.00000000,0.50008953,"NONRELEVANT:BINARY_FIXED_0_1"
17_InternetAds,t100,133,zscore,253,0.00000000,0.50008953,"NONRELEVANT:BINARY_FIXED_0_1"
17_InternetAds,t100,133,zscore,254,0.00000000,0.50008953,"NONRELEVANT:BINARY_FIXED_0_1"
17_InternetAds,t100,133,zscore,255,0.00000000,0.50008953,"NONRELEVANT:BINARY_FIXED_0_1"
17_InternetAds,t100,133,zscore,256,0.00000000,0.50008953,"NONRELEVANT:BINARY_FIXED_0_1"
17_InternetAds,t100,133,zscore,257,0.00000000,0.50008953,"NONRELEVANT:BINARY_FIXED_0_1"
17_InternetAds,t100,133,zscore,258,0.00000000,0.50008953,"NONRELEVANT:BINARY_FIXED_0_1"
17_InternetAds,t100,133,zscore,259,0.00000000,0.50008953,"NONRELEVANT:BINARY_FIXED_0_1"
17_InternetAds,t100,133,zscore,260,0.00000000,0.50008953,"NONRELEVANT:BINARY_FIXED_0_1"
17_InternetAds,t100,133,zscore,261,0.00000000,0.50008953,"NONRELEVANT:BINARY_FIXED_0_1"
17_InternetAds,t100,133,zscore,262,0.00000000,0.50008953,"NONRELEVANT:BINARY_FIXED_0_1"
17_InternetAds,t100,133,zscore,268,0.00000000,0.50008953,"NONRELEVANT:BINARY_FIXED_0_1"
17_InternetAds,t100,133,zscore,269,0.00000000,0.50008953,"NONRELEVANT:BINARY_FIXED_0_1"
17_InternetAds,t100,133,zscore,270,0.00000000,0.50008953,"NONRELEVANT:BINARY_FIXED_0_1"
17_InternetAds,t100,133,zscore,271,0.00000000,0.50008953,"NONRELEVANT:BINARY_FIXED_0_1"
17_InternetAds,t100,133,zscore,272,0.00000000,0.50008953,"NONRELEVANT:BINARY_FIXED_0_1"
17_InternetAds,t100,133,zscore,273,0.00000000,0.50008953,"NONRELEVANT:BINARY_FIXED_0_1"
17_InternetAds,t100,133,zscore,274,0.00000000,0.50008953,"NONRELEVANT:BINARY_FIXED_0_1"
17_InternetAds,t100,133,zscore,275,0.00000000,0.50008953,"NONRELEVANT:BINARY_FIXED_0_1"
17_InternetAds,t100,133,zscore,276,0.00000000,0.50008953,"NONRELEVANT:BINARY_FIXED_0_1"
17_InternetAds,t100,133,zscore,277,0.00000000,0.50008953,"NONRELEVANT:BINARY_FIXED_0_1"
17_InternetAds,t100,133,zscore,278,0.00000000,0.50008953,"NONRELEVANT:BINARY_FIXED_0_1"
17_InternetAds,t100,133,zscore,279,0.00000000,0.50008953,"NONRELEVANT:BINARY_FIXED_0_1"
17_InternetAds,t100,133,zscore,280,0.00000000,0.50008953,"NONRELEVANT:BINARY_FIXED_0_1"
17_InternetAds,t100,133,zscore,281,0.00000000,0.50008953,"NONRELEVANT:BINARY_FIXED_0_1"
17_InternetAds,t100,133,zscore,282,0.00000000,0.50008953,"NONRELEVANT:BINARY_FIXED_0_1"
17_InternetAds,t100,133,zscore,283,0.00000000,0.50008953,"NONRELEVANT:BINARY_FIXED_0_1"
17_InternetAds,t100,133,zscore,285,0.00000000,0.50008953,"NONRELEVANT:BINARY_FIXED_0_1"
17_InternetAds,t100,133,zscore,286,0.00000000,0.50008953,"NONRELEVANT:BINARY_FIXED_0_1"
17_InternetAds,t100,133,zscore,287,0.00000000,0.50008953,"NONRELEVANT:BINARY_FIXED_0_1"
17_InternetAds,t100,133,zscore,288,0.00000000,0.50008953,"NONRELEVANT:BINARY_FIXED_0_1"
17_InternetAds,t100,133,zscore,289,0.00000000,0.50008953,"NONRELEVANT:BINARY_FIXED_0_1"
17_InternetAds,t100,133,zscore,291,0.00000000,0.50008953,"NONRELEVANT:BINARY_FIXED_0_1"
17_InternetAds,t100,133,zscore,292,0.00000000,0.50008953,"NONRELEVANT:BINARY_FIXED_0_1"
17_InternetAds,t100,133,zscore,293,0.00000000,0.50008953,"NONRELEVANT:BINARY_FIXED_0_1"
17_InternetAds,t100,133,zscore,294,0.00000000,0.50008953,"NONRELEVANT:BINARY_FIXED_0_1"
17_InternetAds,t100,133,zscore,295,0.00000000,0.50008953,"NONRELEVANT:BINARY_FIXED_0_1"
17_InternetAds,t100,133,zscore,296,0.00000000,0.50008953,"NONRELEVANT:BINARY_FIXED_0_1"
17_InternetAds,t100,133,zscore,297,0.00000000,0.50008953,"NONRELEVANT:BINARY_FIXED_0_1"
17_InternetAds,t100,133,zscore,298,0.00000000,0.50008953,"NONRELEVANT:BINARY_FIXED_0_1"
17_InternetAds,t100,133,zscore,299,0.00000000,0.50008953,"NONRELEVANT:BINARY_FIXED_0_1"
17_InternetAds,t100,133,zscore,300,0.00000000,0.50008953,"NONRELEVANT:BINARY_FIXED_0_1"
17_InternetAds,t100,133,zscore,302,0.00000000,0.50008953,"NONRELEVANT:BINARY_FIXED_0_1"
17_InternetAds,t100,133,zscore,303,0.00000000,0.50008953,"NONRELEVANT:BINARY_FIXED_0_1"
17_InternetAds,t100,133,zscore,304,0.00000000,0.50008953,"NONRELEVANT:BINARY_FIXED_0_1"
17_InternetAds,t100,133,zscore,305,0.00000000,0.50008953,"NONRELEVANT:BINARY_FIXED_0_1"
17_InternetAds,t100,133,zscore,306,0.00000000,0.50008953,"NONRELEVANT:BINARY_FIXED_0_1"
17_InternetAds,t100,133,zscore,308,0.00000000,0.50008953,"NONRELEVANT:BINARY_FIXED_0_1"
17_InternetAds,t100,133,zscore,310,0.00000000,0.50008953,"NONRELEVANT:BINARY_FIXED_0_1"
17_InternetAds,t100,133,zscore,311,0.00000000,0.50008953,"NONRELEVANT:BINARY_FIXED_0_1"
17_InternetAds,t100,133,zscore,312,0.00000000,0.50008953,"NONRELEVANT:BINARY_FIXED_0_1"
17_InternetAds,t100,133,zscore,313,0.00000000,0.50008953,"NONRELEVANT:BINARY_FIXED_0_1"
17_InternetAds,t100,133,zscore,314,0.00000000,0.50008953,"NONRELEVANT:BINARY_FIXED_0_1"
17_InternetAds,t100,133,zscore,315,0.00000000,0.50008953,"NONRELEVANT:BINARY_FIXED_0_1"
17_InternetAds,t100,133,zscore,316,0.00000000,0.50008953,"NONRELEVANT:BINARY_FIXED_0_1"
17_InternetAds,t100,133,zscore,317,0.00000000,0.50008953,"NONRELEVANT:BINARY_FIXED_0_1"
17_InternetAds,t100,133,zscore,319,0.00000000,0.50008953,"NONRELEVANT:BINARY_FIXED_0_1"
17_InternetAds,t100,133,zscore,320,0.00000000,0.50008953,"NONRELEVANT:BINARY_FIXED_0_1"
17_InternetAds,t100,133,zscore,321,0.00000000,0.50008953,"NONRELEVANT:BINARY_FIXED_0_1"
17_InternetAds,t100,133,zscore,322,0.00000000,0.50008953,"NONRELEVANT:BINARY_FIXED_0_1"
17_InternetAds,t100,133,zscore,323,0.00000000,0.50008953,"NONRELEVANT:BINARY_FIXED_0_1"
17_InternetAds,t100,133,zscore,324,0.00000000,0.50008953,"NONRELEVANT:BINARY_FIXED_0_1"
17_InternetAds,t100,133,zscore,325,0.00000000,0.50008953,"NONRELEVANT:BINARY_FIXED_0_1"
17_InternetAds,t100,133,zscore,328,0.00000000,0.50008953,"NONRELEVANT:BINARY_FIXED_0_1"
17_InternetAds,t100,133,zscore,329,0.00000000,0.50008953,"NONRELEVANT:BINARY_FIXED_0_1"
17_InternetAds,t100,133,zscore,330,0.00000000,0.50008953,"NONRELEVANT:BINARY_FIXED_0_1"
17_InternetAds,t100,133,zscore,331,0.00000000,0.50008953,"NONRELEVANT:BINARY_FIXED_0_1"
17_InternetAds,t100,133,zscore,332,0.00000000,0.50008953,"NONRELEVANT:BINARY_FIXED_0_1"
17_InternetAds,t100,133,zscore,333,0.00000000,0.50008953,"NONRELEVANT:BINARY_FIXED_0_1"
17_InternetAds,t100,133,zscore,334,0.00000000,0.50008953,"NONRELEVANT:BINARY_FIXED_0_1"
17_InternetAds,t100,133,zscore,335,0.00000000,0.50008953,"NONRELEVANT:BINARY_FIXED_0_1"
17_InternetAds,t100,133,zscore,336,0.00000000,0.50008953,"NONRELEVANT:BINARY_FIXED_0_1"
17_InternetAds,t100,133,zscore,337,0.00000000,0.50008953,"NONRELEVANT:BINARY_FIXED_0_1"
17_InternetAds,t100,133,zscore,339,0.00000000,0.50008953,"NONRELEVANT:BINARY_FIXED_0_1"
17_InternetAds,t100,133,zscore,340,0.00000000,0.50008953,"NONRELEVANT:BINARY_FIXED_0_1"
17_InternetAds,t100,133,zscore,341,0.00000000,0.50008953,"NONRELEVANT:BINARY_FIXED_0_1"
17_InternetAds,t100,133,zscore,342,0.00000000,0.50008953,"NONRELEVANT:BINARY_FIXED_0_1"
17_InternetAds,t100,133,zscore,343,0.00000000,0.50008953,"NONRELEVANT:BINARY_FIXED_0_1"
17_InternetAds,t100,133,zscore,344,0.00000000,0.50008953,"NONRELEVANT:BINARY_FIXED_0_1"
17_InternetAds,t100,133,zscore,345,0.00000000,0.50008953,"NONRELEVANT:BINARY_FIXED_0_1"
17_InternetAds,t100,133,zscore,346,0.00000000,0.50008953,"NONRELEVANT:BINARY_FIXED_0_1"
17_InternetAds,t100,133,zscore,348,0.00000000,0.50008953,"NONRELEVANT:BINARY_FIXED_0_1"
17_InternetAds,t100,133,zscore,349,0.00000000,0.50008953,"NONRELEVANT:BINARY_FIXED_0_1"
17_InternetAds,t100,133,zscore,350,0.00000000,0.50008953,"NONRELEVANT:BINARY_FIXED_0_1"
17_InternetAds,t100,133,zscore,351,0.00000000,0.50008953,"NONRELEVANT:BINARY_FIXED_0_1"
17_InternetAds,t100,133,zscore,353,0.00000000,0.50008953,"NONRELEVANT:BINARY_FIXED_0_1"
17_InternetAds,t100,133,zscore,354,0.00000000,0.50008953,"NONRELEVANT:BINARY_FIXED_0_1"
17_InternetAds,t100,133,zscore,355,0.00000000,0.50008953,"NONRELEVANT:BINARY_FIXED_0_1"
17_InternetAds,t100,133,zscore,356,0.00000000,0.50008953,"NONRELEVANT:BINARY_FIXED_0_1"
17_InternetAds,t100,133,zscore,357,0.00000000,0.50008953,"NONRELEVANT:BINARY_FIXED_0_1"
17_InternetAds,t100,133,zscore,358,0.00000000,0.50008953,"NONRELEVANT:BINARY_FIXED_0_1"
17_InternetAds,t100,133,zscore,359,0.00000000,0.50008953,"NONRELEVANT:BINARY_FIXED_0_1"
17_InternetAds,t100,133,zscore,360,0.00000000,0.50008953,"NONRELEVANT:BINARY_FIXED_0_1"
17_InternetAds,t100,133,zscore,361,0.00000000,0.50008953,"NONRELEVANT:BINARY_FIXED_0_1"
17_InternetAds,t100,133,zscore,362,0.00000000,0.50008953,"NONRELEVANT:BINARY_FIXED_0_1"
17_InternetAds,t100,133,zscore,363,0.00000000,0.50008953,"NONRELEVANT:BINARY_FIXED_0_1"
17_InternetAds,t100,133,zscore,364,0.00000000,0.50008953,"NONRELEVANT:BINARY_FIXED_0_1"
17_InternetAds,t100,133,zscore,365,0.00000000,0.50008953,"NONRELEVANT:BINARY_FIXED_0_1"
17_InternetAds,t100,133,zscore,366,0.00000000,0.50008953,"NONRELEVANT:BINARY_FIXED_0_1"
17_InternetAds,t100,133,zscore,368,0.00000000,0.50008953,"NONRELEVANT:BINARY_FIXED_0_1"
17_InternetAds,t100,133,zscore,369,0.00000000,0.50008953,"NONRELEVANT:BINARY_FIXED_0_1"
17_InternetAds,t100,133,zscore,370,0.00000000,0.50008953,"NONRELEVANT:BINARY_FIXED_0_1"
17_InternetAds,t100,133,zscore,371,0.00000000,0.50008953,"NONRELEVANT:BINARY_FIXED_0_1"
17_InternetAds,t100,133,zscore,372,0.00000000,0.50008953,"NONRELEVANT:BINARY_FIXED_0_1"
17_InternetAds,t100,133,zscore,373,0.00000000,0.50008953,"NONRELEVANT:BINARY_FIXED_0_1"
17_InternetAds,t100,133,zscore,374,0.00000000,0.50008953,"NONRELEVANT:BINARY_FIXED_0_1"
17_InternetAds,t100,133,zscore,375,0.00000000,0.50008953,"NONRELEVANT:BINARY_FIXED_0_1"
17_InternetAds,t100,133,zscore,376,0.00000000,0.50008953,"NONRELEVANT:BINARY_FIXED_0_1"
17_InternetAds,t100,133,zscore,377,0.00000000,0.50008953,"NONRELEVANT:BINARY_FIXED_0_1"
17_InternetAds,t100,133,zscore,379,0.00000000,0.50008953,"NONRELEVANT:BINARY_FIXED_0_1"
17_InternetAds,t100,133,zscore,380,0.00000000,0.50008953,"NONRELEVANT:BINARY_FIXED_0_1"
17_InternetAds,t100,133,zscore,381,0.00000000,0.50008953,"NONRELEVANT:BINARY_FIXED_0_1"
17_InternetAds,t100,133,zscore,382,0.00000000,0.50008953,"NONRELEVANT:BINARY_FIXED_0_1"
17_InternetAds,t100,133,zscore,384,0.00000000,0.50008953,"NONRELEVANT:BINARY_FIXED_0_1"
17_InternetAds,t100,133,zscore,385,0.00000000,0.50008953,"NONRELEVANT:BINARY_FIXED_0_1"
17_InternetAds,t100,133,zscore,387,0.00000000,0.50008953,"NONRELEVANT:BINARY_FIXED_0_1"
17_InternetAds,t100,133,zscore,388,0.00000000,0.50008953,"NONRELEVANT:BINARY_FIXED_0_1"
17_InternetAds,t100,133,zscore,389,0.00000000,0.50008953,"NONRELEVANT:BINARY_FIXED_0_1"
17_InternetAds,t100,133,zscore,390,0.00000000,0.50008953,"NONRELEVANT:BINARY_FIXED_0_1"
17_InternetAds,t100,133,zscore,391,0.00000000,0.50008953,"NONRELEVANT:BINARY_FIXED_0_1"
17_InternetAds,t100,133,zscore,392,0.00000000,0.50008953,"NONRELEVANT:BINARY_FIXED_0_1"
17_InternetAds,t100,133,zscore,393,0.00000000,0.50008953,"NONRELEVANT:BINARY_FIXED_0_1"
17_InternetAds,t100,133,zscore,394,0.00000000,0.50008953,"NONRELEVANT:BINARY_FIXED_0_1"
17_InternetAds,t100,133,zscore,395,0.00000000,0.50008953,"NONRELEVANT:BINARY_FIXED_0_1"
17_InternetAds,t100,133,zscore,396,0.00000000,0.50008953,"NONRELEVANT:BINARY_FIXED_0_1"
17_InternetAds,t100,133,zscore,397,0.00000000,0.50008953,"NONRELEVANT:BINARY_FIXED_0_1"
17_InternetAds,t100,133,zscore,398,0.00000000,0.50008953,"NONRELEVANT:BINARY_FIXED_0_1"
17_InternetAds,t100,133,zscore,400,0.00000000,0.50008953,"NONRELEVANT:BINARY_FIXED_0_1"
17_InternetAds,t100,133,zscore,401,0.00000000,0.50008953,"NONRELEVANT:BINARY_FIXED_0_1"
17_InternetAds,t100,133,zscore,403,0.00000000,0.50008953,"NONRELEVANT:BINARY_FIXED_0_1"
17_InternetAds,t100,133,zscore,404,0.00000000,0.50008953,"NONRELEVANT:BINARY_FIXED_0_1"
17_InternetAds,t100,133,zscore,405,0.00000000,0.50008953,"NONRELEVANT:BINARY_FIXED_0_1"
17_InternetAds,t100,133,zscore,406,0.00000000,0.50008953,"NONRELEVANT:BINARY_FIXED_0_1"
17_InternetAds,t100,133,zscore,407,0.00000000,0.50008953,"NONRELEVANT:BINARY_FIXED_0_1"
17_InternetAds,t100,133,zscore,408,0.00000000,0.50008953,"NONRELEVANT:BINARY_FIXED_0_1"
17_InternetAds,t100,133,zscore,409,0.00000000,0.50008953,"NONRELEVANT:BINARY_FIXED_0_1"
17_InternetAds,t100,133,zscore,410,0.00000000,0.50008953,"NONRELEVANT:BINARY_FIXED_0_1"
17_InternetAds,t100,133,zscore,411,0.00000000,0.50008953,"NONRELEVANT:BINARY_FIXED_0_1"
17_InternetAds,t100,133,zscore,412,0.00000000,0.50008953,"NONRELEVANT:BINARY_FIXED_0_1"
17_InternetAds,t100,133,zscore,413,0.00000000,0.50008953,"NONRELEVANT:BINARY_FIXED_0_1"
17_InternetAds,t100,133,zscore,414,0.00000000,0.50008953,"NONRELEVANT:BINARY_FIXED_0_1"
17_InternetAds,t100,133,zscore,415,0.00000000,0.50008953,"NONRELEVANT:BINARY_FIXED_0_1"
17_InternetAds,t100,133,zscore,416,0.00000000,0.50008953,"NONRELEVANT:BINARY_FIXED_0_1"
17_InternetAds,t100,133,zscore,417,0.00000000,0.50008953,"NONRELEVANT:BINARY_FIXED_0_1"
17_InternetAds,t100,133,zscore,418,0.00000000,0.50008953,"NONRELEVANT:BINARY_FIXED_0_1"
17_InternetAds,t100,133,zscore,419,0.00000000,0.50008953,"NONRELEVANT:BINARY_FIXED_0_1"
17_InternetAds,t100,133,zscore,420,0.00000000,0.50008953,"NONRELEVANT:BINARY_FIXED_0_1"
17_InternetAds,t100,133,zscore,421,0.00000000,0.50008953,"NONRELEVANT:BINARY_FIXED_0_1"
17_InternetAds,t100,133,zscore,422,0.00000000,0.50008953,"NONRELEVANT:BINARY_FIXED_0_1"
17_InternetAds,t100,133,zscore,425,0.00000000,0.50008953,"NONRELEVANT:BINARY_FIXED_0_1"
17_InternetAds,t100,133,zscore,426,0.00000000,0.50008953,"NONRELEVANT:BINARY_FIXED_0_1"
17_InternetAds,t100,133,zscore,428,0.00000000,0.50008953,"NONRELEVANT:BINARY_FIXED_0_1"
17_InternetAds,t100,133,zscore,430,0.00000000,0.50008953,"NONRELEVANT:BINARY_FIXED_0_1"
17_InternetAds,t100,133,zscore,431,0.00000000,0.50008953,"NONRELEVANT:BINARY_FIXED_0_1"
17_InternetAds,t100,133,zscore,433,0.00000000,0.50008953,"NONRELEVANT:BINARY_FIXED_0_1"
17_InternetAds,t100,133,zscore,434,0.00000000,0.50008953,"NONRELEVANT:BINARY_FIXED_0_1"
17_InternetAds,t100,133,zscore,435,0.00000000,0.50008953,"NONRELEVANT:BINARY_FIXED_0_1"
17_InternetAds,t100,133,zscore,436,0.00000000,0.50008953,"NONRELEVANT:BINARY_FIXED_0_1"
17_InternetAds,t100,133,zscore,438,0.00000000,0.50008953,"NONRELEVANT:BINARY_FIXED_0_1"
17_InternetAds,t100,133,zscore,439,0.00000000,0.50008953,"NONRELEVANT:BINARY_FIXED_0_1"
17_InternetAds,t100,133,zscore,440,0.00000000,0.50008953,"NONRELEVANT:BINARY_FIXED_0_1"
17_InternetAds,t100,133,zscore,441,0.00000000,0.50008953,"NONRELEVANT:BINARY_FIXED_0_1"
17_InternetAds,t100,133,zscore,442,0.00000000,0.50008953,"NONRELEVANT:BINARY_FIXED_0_1"
17_InternetAds,t100,133,zscore,443,0.00000000,0.50008953,"NONRELEVANT:BINARY_FIXED_0_1"
17_InternetAds,t100,133,zscore,444,0.00000000,0.50008953,"NONRELEVANT:BINARY_FIXED_0_1"
17_InternetAds,t100,133,zscore,445,0.00000000,0.50008953,"NONRELEVANT:BINARY_FIXED_0_1"
17_InternetAds,t100,133,zscore,446,0.00000000,0.50008953,"NONRELEVANT:BINARY_FIXED_0_1"
17_InternetAds,t100,133,zscore,447,0.00000000,0.50008953,"NONRELEVANT:BINARY_FIXED_0_1"
17_InternetAds,t100,133,zscore,448,0.00000000,0.50008953,"NONRELEVANT:BINARY_FIXED_0_1"
17_InternetAds,t100,133,zscore,449,0.00000000,0.50008953,"NONRELEVANT:BINARY_FIXED_0_1"
17_InternetAds,t100,133,zscore,450,0.00000000,0.50008953,"NONRELEVANT:BINARY_FIXED_0_1"
17_InternetAds,t100,133,zscore,451,0.00000000,0.50008953,"NONRELEVANT:BINARY_FIXED_0_1"
17_InternetAds,t100,133,zscore,452,0.00000000,0.50008953,"NONRELEVANT:BINARY_FIXED_0_1"
17_InternetAds,t100,133,zscore,453,0.00000000,0.50008953,"NONRELEVANT:BINARY_FIXED_0_1"
17_InternetAds,t100,133,zscore,454,0.00000000,0.50008953,"NONRELEVANT:BINARY_FIXED_0_1"
17_InternetAds,t100,133,zscore,455,0.00000000,0.50008953,"NONRELEVANT:BINARY_FIXED_0_1"
17_InternetAds,t100,133,zscore,456,0.00000000,0.50008953,"NONRELEVANT:BINARY_FIXED_0_1"
17_InternetAds,t100,133,zscore,457,0.00000000,0.50008953,"NONRELEVANT:BINARY_FIXED_0_1"
17_InternetAds,t100,133,zscore,458,0.00000000,0.50008953,"NONRELEVANT:BINARY_FIXED_0_1"
17_InternetAds,t100,133,zscore,459,0.00000000,0.50008953,"NONRELEVANT:BINARY_FIXED_0_1"
17_InternetAds,t100,133,zscore,460,0.00000000,0.50008953,"NONRELEVANT:BINARY_FIXED_0_1"
17_InternetAds,t100,133,zscore,461,0.00000000,0.50008953,"NONRELEVANT:BINARY_FIXED_0_1"
17_InternetAds,t100,133,zscore,462,0.00000000,0.50008953,"NONRELEVANT:BINARY_FIXED_0_1"
17_InternetAds,t100,133,zscore,463,0.00000000,0.50008953,"NONRELEVANT:BINARY_FIXED_0_1"
17_InternetAds,t100,133,zscore,464,0.00000000,0.50008953,"NONRELEVANT:BINARY_FIXED_0_1"
17_InternetAds,t100,133,zscore,465,0.00000000,0.50008953,"NONRELEVANT:BINARY_FIXED_0_1"
17_InternetAds,t100,133,zscore,466,0.00000000,0.50008953,"NONRELEVANT:BINARY_FIXED_0_1"
17_InternetAds,t100,133,zscore,468,0.00000000,0.50008953,"NONRELEVANT:BINARY_FIXED_0_1"
17_InternetAds,t100,133,zscore,470,0.00000000,0.50008953,"NONRELEVANT:BINARY_FIXED_0_1"
17_InternetAds,t100,133,zscore,471,0.00000000,0.50008953,"NONRELEVANT:BINARY_FIXED_0_1"
17_InternetAds,t100,133,zscore,472,0.00000000,0.50008953,"NONRELEVANT:BINARY_FIXED_0_1"
17_InternetAds,t100,133,zscore,473,0.00000000,0.50008953,"NONRELEVANT:BINARY_FIXED_0_1"
17_InternetAds,t100,133,zscore,476,0.00000000,0.50008953,"NONRELEVANT:BINARY_FIXED_0_1"
17_InternetAds,t100,133,zscore,477,0.00000000,0.50008953,"NONRELEVANT:BINARY_FIXED_0_1"
17_InternetAds,t100,133,zscore,478,0.00000000,0.50008953,"NONRELEVANT:BINARY_FIXED_0_1"
17_InternetAds,t100,133,zscore,480,0.00000000,0.50008953,"NONRELEVANT:BINARY_FIXED_0_1"
17_InternetAds,t100,133,zscore,481,0.00000000,0.50008953,"NONRELEVANT:BINARY_FIXED_0_1"
17_InternetAds,t100,133,zscore,482,0.00000000,0.50008953,"NONRELEVANT:BINARY_FIXED_0_1"
17_InternetAds,t100,133,zscore,483,0.00000000,0.50008953,"NONRELEVANT:BINARY_FIXED_0_1"
17_InternetAds,t100,133,zscore,484,0.00000000,0.50008953,"NONRELEVANT:BINARY_FIXED_0_1"
17_InternetAds,t100,133,zscore,485,0.00000000,0.50008953,"NONRELEVANT:BINARY_FIXED_0_1"
17_InternetAds,t100,133,zscore,486,0.00000000,0.50008953,"NONRELEVANT:BINARY_FIXED_0_1"
17_InternetAds,t100,133,zscore,487,0.00000000,0.50008953,"NONRELEVANT:BINARY_FIXED_0_1"
17_InternetAds,t100,133,zscore,488,0.00000000,0.50008953,"NONRELEVANT:BINARY_FIXED_0_1"
17_InternetAds,t100,133,zscore,489,0.00000000,0.50008953,"NONRELEVANT:BINARY_FIXED_0_1"
17_InternetAds,t100,133,zscore,490,0.00000000,0.50008953,"NONRELEVANT:BINARY_FIXED_0_1"
17_InternetAds,t100,133,zscore,491,0.00000000,0.50008953,"NONRELEVANT:BINARY_FIXED_0_1"
17_InternetAds,t100,133,zscore,492,0.00000000,0.50008953,"NONRELEVANT:BINARY_FIXED_0_1"
17_InternetAds,t100,133,zscore,493,0.00000000,0.50008953,"NONRELEVANT:BINARY_FIXED_0_1"
17_InternetAds,t100,133,zscore,494,0.00000000,0.50008953,"NONRELEVANT:BINARY_FIXED_0_1"
17_InternetAds,t100,133,zscore,495,0.00000000,0.50008953,"NONRELEVANT:BINARY_FIXED_0_1"
17_InternetAds,t100,133,zscore,496,0.00000000,0.50008953,"NONRELEVANT:BINARY_FIXED_0_1"
17_InternetAds,t100,133,zscore,497,0.00000000,0.50008953,"NONRELEVANT:BINARY_FIXED_0_1"
17_InternetAds,t100,133,zscore,498,0.00000000,0.50008953,"NONRELEVANT:BINARY_FIXED_0_1"
17_InternetAds,t100,133,zscore,499,0.00000000,0.50008953,"NONRELEVANT:BINARY_FIXED_0_1"
17_InternetAds,t100,133,zscore,500,0.00000000,0.50008953,"NONRELEVANT:BINARY_FIXED_0_1"
17_InternetAds,t100,133,zscore,501,0.00000000,0.50008953,"NONRELEVANT:BINARY_FIXED_0_1"
17_InternetAds,t100,133,zscore,502,0.00000000,0.50008953,"NONRELEVANT:BINARY_FIXED_0_1"
17_InternetAds,t100,133,zscore,503,0.00000000,0.50008953,"NONRELEVANT:BINARY_FIXED_0_1"
17_InternetAds,t100,133,zscore,504,0.00000000,0.50008953,"NONRELEVANT:BINARY_FIXED_0_1"
17_InternetAds,t100,133,zscore,506,0.00000000,0.50008953,"NONRELEVANT:BINARY_FIXED_0_1"
17_InternetAds,t100,133,zscore,507,0.00000000,0.50008953,"NONRELEVANT:BINARY_FIXED_0_1"
17_InternetAds,t100,133,zscore,509,0.00000000,0.50008953,"NONRELEVANT:BINARY_FIXED_0_1"
17_InternetAds,t100,133,zscore,510,0.00000000,0.50008953,"NONRELEVANT:BINARY_FIXED_0_1"
17_InternetAds,t100,133,zscore,511,0.00000000,0.50008953,"NONRELEVANT:BINARY_FIXED_0_1"
17_InternetAds,t100,133,zscore,512,0.00000000,0.50008953,"NONRELEVANT:BINARY_FIXED_0_1"
17_InternetAds,t100,133,zscore,513,0.00000000,0.50008953,"NONRELEVANT:BINARY_FIXED_0_1"
17_InternetAds,t100,133,zscore,514,0.00000000,0.50008953,"NONRELEVANT:BINARY_FIXED_0_1"
17_InternetAds,t100,133,zscore,516,0.00000000,0.50008953,"NONRELEVANT:BINARY_FIXED_0_1"
17_InternetAds,t100,133,zscore,517,0.00000000,0.50008953,"NONRELEVANT:BINARY_FIXED_0_1"
17_InternetAds,t100,133,zscore,518,0.00000000,0.50008953,"NONRELEVANT:BINARY_FIXED_0_1"
17_InternetAds,t100,133,zscore,519,0.00000000,0.50008953,"NONRELEVANT:BINARY_FIXED_0_1"
17_InternetAds,t100,133,zscore,520,0.00000000,0.50008953,"NONRELEVANT:BINARY_FIXED_0_1"
17_InternetAds,t100,133,zscore,521,0.00000000,0.50008953,"NONRELEVANT:BINARY_FIXED_0_1"
17_InternetAds,t100,133,zscore,522,0.00000000,0.50008953,"NONRELEVANT:BINARY_FIXED_0_1"
17_InternetAds,t100,133,zscore,523,0.00000000,0.50008953,"NONRELEVANT:BINARY_FIXED_0_1"
17_InternetAds,t100,133,zscore,524,0.00000000,0.50008953,"NONRELEVANT:BINARY_FIXED_0_1"
17_InternetAds,t100,133,zscore,526,0.00000000,0.50008953,"NONRELEVANT:BINARY_FIXED_0_1"
17_InternetAds,t100,133,zscore,527,0.00000000,0.50008953,"NONRELEVANT:BINARY_FIXED_0_1"
17_InternetAds,t100,133,zscore,528,0.00000000,0.50008953,"NONRELEVANT:BINARY_FIXED_0_1"
17_InternetAds,t100,133,zscore,529,0.00000000,0.50008953,"NONRELEVANT:BINARY_FIXED_0_1"
17_InternetAds,t100,133,zscore,531,0.00000000,0.50008953,"NONRELEVANT:BINARY_FIXED_0_1"
17_InternetAds,t100,133,zscore,532,0.00000000,0.50008953,"NONRELEVANT:BINARY_FIXED_0_1"
17_InternetAds,t100,133,zscore,533,0.00000000,0.50008953,"NONRELEVANT:BINARY_FIXED_0_1"
17_InternetAds,t100,133,zscore,534,0.00000000,0.50008953,"NONRELEVANT:BINARY_FIXED_0_1"
17_InternetAds,t100,133,zscore,535,0.00000000,0.50008953,"NONRELEVANT:BINARY_FIXED_0_1"
17_InternetAds,t100,133,zscore,536,0.00000000,0.50008953,"NONRELEVANT:BINARY_FIXED_0_1"
17_InternetAds,t100,133,zscore,537,0.00000000,0.50008953,"NONRELEVANT:BINARY_FIXED_0_1"
17_InternetAds,t100,133,zscore,538,0.00000000,0.50008953,"NONRELEVANT:BINARY_FIXED_0_1"
17_InternetAds,t100,133,zscore,540,0.00000000,0.50008953,"NONRELEVANT:BINARY_FIXED_0_1"
17_InternetAds,t100,133,zscore,541,0.00000000,0.50008953,"NONRELEVANT:BINARY_FIXED_0_1"
17_InternetAds,t100,133,zscore,542,0.00000000,0.50008953,"NONRELEVANT:BINARY_FIXED_0_1"
17_InternetAds,t100,133,zscore,543,0.00000000,0.50008953,"NONRELEVANT:BINARY_FIXED_0_1"
17_InternetAds,t100,133,zscore,544,0.00000000,0.50008953,"NONRELEVANT:BINARY_FIXED_0_1"
17_InternetAds,t100,133,zscore,545,0.00000000,0.50008953,"NONRELEVANT:BINARY_FIXED_0_1"
17_InternetAds,t100,133,zscore,546,0.00000000,0.50008953,"NONRELEVANT:BINARY_FIXED_0_1"
17_InternetAds,t100,133,zscore,547,0.00000000,0.50008953,"NONRELEVANT:BINARY_FIXED_0_1"
17_InternetAds,t100,133,zscore,548,0.00000000,0.50008953,"NONRELEVANT:BINARY_FIXED_0_1"
17_InternetAds,t100,133,zscore,549,0.00000000,0.50008953,"NONRELEVANT:BINARY_FIXED_0_1"
17_InternetAds,t100,133,zscore,550,0.00000000,0.50008953,"NONRELEVANT:BINARY_FIXED_0_1"
17_InternetAds,t100,133,zscore,551,0.00000000,0.50008953,"NONRELEVANT:BINARY_FIXED_0_1"
17_InternetAds,t100,133,zscore,552,0.00000000,0.50008953,"NONRELEVANT:BINARY_FIXED_0_1"
17_InternetAds,t100,133,zscore,553,0.00000000,0.50008953,"NONRELEVANT:BINARY_FIXED_0_1"
17_InternetAds,t100,133,zscore,554,0.00000000,0.50008953,"NONRELEVANT:BINARY_FIXED_0_1"
17_InternetAds,t100,133,zscore,555,0.00000000,0.50008953,"NONRELEVANT:BINARY_FIXED_0_1"
17_InternetAds,t100,133,zscore,556,0.00000000,0.50008953,"NONRELEVANT:BINARY_FIXED_0_1"
17_InternetAds,t100,133,zscore,557,0.00000000,0.50008953,"NONRELEVANT:BINARY_FIXED_0_1"
17_InternetAds,t100,133,zscore,558,0.00000000,0.50008953,"NONRELEVANT:BINARY_FIXED_0_1"
17_InternetAds,t100,133,zscore,559,0.00000000,0.50008953,"NONRELEVANT:BINARY_FIXED_0_1"
17_InternetAds,t100,133,zscore,560,0.00000000,0.50008953,"NONRELEVANT:BINARY_FIXED_0_1"
17_InternetAds,t100,133,zscore,561,0.00000000,0.50008953,"NONRELEVANT:BINARY_FIXED_0_1"
17_InternetAds,t100,133,zscore,562,0.00000000,0.50008953,"NONRELEVANT:BINARY_FIXED_0_1"
17_InternetAds,t100,133,zscore,563,0.00000000,0.50008953,"NONRELEVANT:BINARY_FIXED_0_1"
17_InternetAds,t100,133,zscore,564,0.00000000,0.50008953,"NONRELEVANT:BINARY_FIXED_0_1"
17_InternetAds,t100,133,zscore,565,0.00000000,0.50008953,"NONRELEVANT:BINARY_FIXED_0_1"
17_InternetAds,t100,133,zscore,566,0.00000000,0.50008953,"NONRELEVANT:BINARY_FIXED_0_1"
17_InternetAds,t100,133,zscore,567,0.00000000,0.50008953,"NONRELEVANT:BINARY_FIXED_0_1"
17_InternetAds,t100,133,zscore,568,0.00000000,0.50008953,"NONRELEVANT:BINARY_FIXED_0_1"
17_InternetAds,t100,133,zscore,570,0.00000000,0.50008953,"NONRELEVANT:BINARY_FIXED_0_1"
17_InternetAds,t100,133,zscore,571,0.00000000,0.50008953,"NONRELEVANT:BINARY_FIXED_0_1"
17_InternetAds,t100,133,zscore,572,0.00000000,0.50008953,"NONRELEVANT:BINARY_FIXED_0_1"
17_InternetAds,t100,133,zscore,574,0.00000000,0.50008953,"NONRELEVANT:BINARY_FIXED_0_1"
17_InternetAds,t100,133,zscore,575,0.00000000,0.50008953,"NONRELEVANT:BINARY_FIXED_0_1"
17_InternetAds,t100,133,zscore,576,0.00000000,0.50008953,"NONRELEVANT:BINARY_FIXED_0_1"
17_InternetAds,t100,133,zscore,577,0.00000000,0.50008953,"NONRELEVANT:BINARY_FIXED_0_1"
17_InternetAds,t100,133,zscore,578,0.00000000,0.50008953,"NONRELEVANT:BINARY_FIXED_0_1"
17_InternetAds,t100,133,zscore,579,0.00000000,0.50008953,"NONRELEVANT:BINARY_FIXED_0_1"
17_InternetAds,t100,133,zscore,580,0.00000000,0.50008953,"NONRELEVANT:BINARY_FIXED_0_1"
17_InternetAds,t100,133,zscore,581,0.00000000,0.50008953,"NONRELEVANT:BINARY_FIXED_0_1"
17_InternetAds,t100,133,zscore,582,0.00000000,0.50008953,"NONRELEVANT:BINARY_FIXED_0_1"
17_InternetAds,t100,133,zscore,584,0.00000000,0.50008953,"NONRELEVANT:BINARY_FIXED_0_1"
17_InternetAds,t100,133,zscore,585,0.00000000,0.50008953,"NONRELEVANT:BINARY_FIXED_0_1"
17_InternetAds,t100,133,zscore,586,0.00000000,0.50008953,"NONRELEVANT:BINARY_FIXED_0_1"
17_InternetAds,t100,133,zscore,587,0.00000000,0.50008953,"NONRELEVANT:BINARY_FIXED_0_1"
17_InternetAds,t100,133,zscore,588,0.00000000,0.50008953,"NONRELEVANT:BINARY_FIXED_0_1"
17_InternetAds,t100,133,zscore,589,0.00000000,0.50008953,"NONRELEVANT:BINARY_FIXED_0_1"
17_InternetAds,t100,133,zscore,590,0.00000000,0.50008953,"NONRELEVANT:BINARY_FIXED_0_1"
17_InternetAds,t100,133,zscore,591,0.00000000,0.50008953,"NONRELEVANT:BINARY_FIXED_0_1"
17_InternetAds,t100,133,zscore,592,0.00000000,0.50008953,"NONRELEVANT:BINARY_FIXED_0_1"
17_InternetAds,t100,133,zscore,593,0.00000000,0.50008953,"NONRELEVANT:BINARY_FIXED_0_1"
17_InternetAds,t100,133,zscore,594,0.00000000,0.50008953,"NONRELEVANT:BINARY_FIXED_0_1"
17_InternetAds,t100,133,zscore,595,0.00000000,0.50008953,"NONRELEVANT:BINARY_FIXED_0_1"
17_InternetAds,t100,133,zscore,596,0.00000000,0.50008953,"NONRELEVANT:BINARY_FIXED_0_1"
17_InternetAds,t100,133,zscore,597,0.00000000,0.50008953,"NONRELEVANT:BINARY_FIXED_0_1"
17_InternetAds,t100,133,zscore,598,0.00000000,0.50008953,"NONRELEVANT:BINARY_FIXED_0_1"
17_InternetAds,t100,133,zscore,599,0.00000000,0.50008953,"NONRELEVANT:BINARY_FIXED_0_1"
17_InternetAds,t100,133,zscore,600,0.00000000,0.50008953,"NONRELEVANT:BINARY_FIXED_0_1"
17_InternetAds,t100,133,zscore,601,0.00000000,0.50008953,"NONRELEVANT:BINARY_FIXED_0_1"
17_InternetAds,t100,133,zscore,602,0.00000000,0.50008953,"NONRELEVANT:BINARY_FIXED_0_1"
17_InternetAds,t100,133,zscore,603,0.00000000,0.50008953,"NONRELEVANT:BINARY_FIXED_0_1"
17_InternetAds,t100,133,zscore,604,0.00000000,0.50008953,"NONRELEVANT:BINARY_FIXED_0_1"
17_InternetAds,t100,133,zscore,605,0.00000000,0.50008953,"NONRELEVANT:BINARY_FIXED_0_1"
17_InternetAds,t100,133,zscore,606,0.00000000,0.50008953,"NONRELEVANT:BINARY_FIXED_0_1"
17_InternetAds,t100,133,zscore,607,0.00000000,0.50008953,"NONRELEVANT:BINARY_FIXED_0_1"
17_InternetAds,t100,133,zscore,608,0.00000000,0.50008953,"NONRELEVANT:BINARY_FIXED_0_1"
17_InternetAds,t100,133,zscore,609,0.00000000,0.50008953,"NONRELEVANT:BINARY_FIXED_0_1"
17_InternetAds,t100,133,zscore,610,0.00000000,0.50008953,"NONRELEVANT:BINARY_FIXED_0_1"
17_InternetAds,t100,133,zscore,611,0.00000000,0.50008953,"NONRELEVANT:BINARY_FIXED_0_1"
17_InternetAds,t100,133,zscore,612,0.00000000,0.50008953,"NONRELEVANT:BINARY_FIXED_0_1"
17_InternetAds,t100,133,zscore,613,0.00000000,0.50008953,"NONRELEVANT:BINARY_FIXED_0_1"
17_InternetAds,t100,133,zscore,614,0.00000000,0.50008953,"NONRELEVANT:BINARY_FIXED_0_1"
17_InternetAds,t100,133,zscore,615,0.00000000,0.50008953,"NONRELEVANT:BINARY_FIXED_0_1"
17_InternetAds,t100,133,zscore,616,0.00000000,0.50008953,"NONRELEVANT:BINARY_FIXED_0_1"
17_InternetAds,t100,133,zscore,617,0.00000000,0.50008953,"NONRELEVANT:BINARY_FIXED_0_1"
17_InternetAds,t100,133,zscore,618,0.00000000,0.50008953,"NONRELEVANT:BINARY_FIXED_0_1"
17_InternetAds,t100,133,zscore,620,0.00000000,0.50008953,"NONRELEVANT:BINARY_FIXED_0_1"
17_InternetAds,t100,133,zscore,621,0.00000000,0.50008953,"NONRELEVANT:BINARY_FIXED_0_1"
17_InternetAds,t100,133,zscore,623,0.00000000,0.50008953,"NONRELEVANT:BINARY_FIXED_0_1"
17_InternetAds,t100,133,zscore,625,0.00000000,0.50008953,"NONRELEVANT:BINARY_FIXED_0_1"
17_InternetAds,t100,133,zscore,626,0.00000000,0.50008953,"NONRELEVANT:BINARY_FIXED_0_1"
17_InternetAds,t100,133,zscore,627,0.00000000,0.50008953,"NONRELEVANT:BINARY_FIXED_0_1"
17_InternetAds,t100,133,zscore,628,0.00000000,0.50008953,"NONRELEVANT:BINARY_FIXED_0_1"
17_InternetAds,t100,133,zscore,629,0.00000000,0.50008953,"NONRELEVANT:BINARY_FIXED_0_1"
17_InternetAds,t100,133,zscore,630,0.00000000,0.50008953,"NONRELEVANT:BINARY_FIXED_0_1"
17_InternetAds,t100,133,zscore,631,0.00000000,0.50008953,"NONRELEVANT:BINARY_FIXED_0_1"
17_InternetAds,t100,133,zscore,632,0.00000000,0.50008953,"NONRELEVANT:BINARY_FIXED_0_1"
17_InternetAds,t100,133,zscore,633,0.00000000,0.50008953,"NONRELEVANT:BINARY_FIXED_0_1"
17_InternetAds,t100,133,zscore,634,0.00000000,0.50008953,"NONRELEVANT:BINARY_FIXED_0_1"
17_InternetAds,t100,133,zscore,635,0.00000000,0.50008953,"NONRELEVANT:BINARY_FIXED_0_1"
17_InternetAds,t100,133,zscore,636,0.00000000,0.50008953,"NONRELEVANT:BINARY_FIXED_0_1"
17_InternetAds,t100,133,zscore,637,0.00000000,0.50008953,"NONRELEVANT:BINARY_FIXED_0_1"
17_InternetAds,t100,133,zscore,638,0.00000000,0.50008953,"NONRELEVANT:BINARY_FIXED_0_1"
17_InternetAds,t100,133,zscore,639,0.00000000,0.50008953,"NONRELEVANT:BINARY_FIXED_0_1"
17_InternetAds,t100,133,zscore,641,0.00000000,0.50008953,"NONRELEVANT:BINARY_FIXED_0_1"
17_InternetAds,t100,133,zscore,642,0.00000000,0.50008953,"NONRELEVANT:BINARY_FIXED_0_1"
17_InternetAds,t100,133,zscore,643,0.00000000,0.50008953,"NONRELEVANT:BINARY_FIXED_0_1"
17_InternetAds,t100,133,zscore,644,0.00000000,0.50008953,"NONRELEVANT:BINARY_FIXED_0_1"
17_InternetAds,t100,133,zscore,645,0.00000000,0.50008953,"NONRELEVANT:BINARY_FIXED_0_1"
17_InternetAds,t100,133,zscore,646,0.00000000,0.50008953,"NONRELEVANT:BINARY_FIXED_0_1"
17_InternetAds,t100,133,zscore,647,0.00000000,0.50008953,"NONRELEVANT:BINARY_FIXED_0_1"
17_InternetAds,t100,133,zscore,648,0.00000000,0.50008953,"NONRELEVANT:BINARY_FIXED_0_1"
17_InternetAds,t100,133,zscore,649,0.00000000,0.50008953,"NONRELEVANT:BINARY_FIXED_0_1"
17_InternetAds,t100,133,zscore,650,0.00000000,0.50008953,"NONRELEVANT:BINARY_FIXED_0_1"
17_InternetAds,t100,133,zscore,651,0.00000000,0.50008953,"NONRELEVANT:BINARY_FIXED_0_1"
17_InternetAds,t100,133,zscore,652,0.00000000,0.50008953,"NONRELEVANT:BINARY_FIXED_0_1"
17_InternetAds,t100,133,zscore,653,0.00000000,0.50008953,"NONRELEVANT:BINARY_FIXED_0_1"
17_InternetAds,t100,133,zscore,654,0.00000000,0.50008953,"NONRELEVANT:BINARY_FIXED_0_1"
17_InternetAds,t100,133,zscore,655,0.00000000,0.50008953,"NONRELEVANT:BINARY_FIXED_0_1"
17_InternetAds,t100,133,zscore,656,0.00000000,0.50008953,"NONRELEVANT:BINARY_FIXED_0_1"
17_InternetAds,t100,133,zscore,657,0.00000000,0.50008953,"NONRELEVANT:BINARY_FIXED_0_1"
17_InternetAds,t100,133,zscore,659,0.00000000,0.50008953,"NONRELEVANT:BINARY_FIXED_0_1"
17_InternetAds,t100,133,zscore,661,0.00000000,0.50008953,"NONRELEVANT:BINARY_FIXED_0_1"
17_InternetAds,t100,133,zscore,662,0.00000000,0.50008953,"NONRELEVANT:BINARY_FIXED_0_1"
17_InternetAds,t100,133,zscore,664,0.00000000,0.50008953,"NONRELEVANT:BINARY_FIXED_0_1"
17_InternetAds,t100,133,zscore,665,0.00000000,0.50008953,"NONRELEVANT:BINARY_FIXED_0_1"
17_InternetAds,t100,133,zscore,666,0.00000000,0.50008953,"NONRELEVANT:BINARY_FIXED_0_1"
17_InternetAds,t100,133,zscore,667,0.00000000,0.50008953,"NONRELEVANT:BINARY_FIXED_0_1"
17_InternetAds,t100,133,zscore,668,0.00000000,0.50008953,"NONRELEVANT:BINARY_FIXED_0_1"
17_InternetAds,t100,133,zscore,669,0.00000000,0.50008953,"NONRELEVANT:BINARY_FIXED_0_1"
17_InternetAds,t100,133,zscore,670,0.00000000,0.50008953,"NONRELEVANT:BINARY_FIXED_0_1"
17_InternetAds,t100,133,zscore,671,0.00000000,0.50008953,"NONRELEVANT:BINARY_FIXED_0_1"
17_InternetAds,t100,133,zscore,672,0.00000000,0.50008953,"NONRELEVANT:BINARY_FIXED_0_1"
17_InternetAds,t100,133,zscore,673,0.00000000,0.50008953,"NONRELEVANT:BINARY_FIXED_0_1"
17_InternetAds,t100,133,zscore,674,0.00000000,0.50008953,"NONRELEVANT:BINARY_FIXED_0_1"
17_InternetAds,t100,133,zscore,675,0.00000000,0.50008953,"NONRELEVANT:BINARY_FIXED_0_1"
17_InternetAds,t100,133,zscore,676,0.00000000,0.50008953,"NONRELEVANT:BINARY_FIXED_0_1"
17_InternetAds,t100,133,zscore,677,0.00000000,0.50008953,"NONRELEVANT:BINARY_FIXED_0_1"
17_InternetAds,t100,133,zscore,678,0.00000000,0.50008953,"NONRELEVANT:BINARY_FIXED_0_1"
17_InternetAds,t100,133,zscore,679,0.00000000,0.50008953,"NONRELEVANT:BINARY_FIXED_0_1"
17_InternetAds,t100,133,zscore,681,0.00000000,0.50008953,"NONRELEVANT:BINARY_FIXED_0_1"
17_InternetAds,t100,133,zscore,682,0.00000000,0.50008953,"NONRELEVANT:BINARY_FIXED_0_1"
17_InternetAds,t100,133,zscore,683,0.00000000,0.50008953,"NONRELEVANT:BINARY_FIXED_0_1"
17_InternetAds,t100,133,zscore,684,0.00000000,0.50008953,"NONRELEVANT:BINARY_FIXED_0_1"
17_InternetAds,t100,133,zscore,686,0.00000000,0.50008953,"NONRELEVANT:BINARY_FIXED_0_1"
17_InternetAds,t100,133,zscore,687,0.00000000,0.50008953,"NONRELEVANT:BINARY_FIXED_0_1"
17_InternetAds,t100,133,zscore,688,0.00000000,0.50008953,"NONRELEVANT:BINARY_FIXED_0_1"
17_InternetAds,t100,133,zscore,689,0.00000000,0.50008953,"NONRELEVANT:BINARY_FIXED_0_1"
17_InternetAds,t100,133,zscore,690,0.00000000,0.50008953,"NONRELEVANT:BINARY_FIXED_0_1"
17_InternetAds,t100,133,zscore,691,0.00000000,0.50008953,"NONRELEVANT:BINARY_FIXED_0_1"
17_InternetAds,t100,133,zscore,692,0.00000000,0.50008953,"NONRELEVANT:BINARY_FIXED_0_1"
17_InternetAds,t100,133,zscore,693,0.00000000,0.50008953,"NONRELEVANT:BINARY_FIXED_0_1"
17_InternetAds,t100,133,zscore,694,0.00000000,0.50008953,"NONRELEVANT:BINARY_FIXED_0_1"
17_InternetAds,t100,133,zscore,695,0.00000000,0.50008953,"NONRELEVANT:BINARY_FIXED_0_1"
17_InternetAds,t100,133,zscore,696,0.00000000,0.50008953,"NONRELEVANT:BINARY_FIXED_0_1"
17_InternetAds,t100,133,zscore,697,0.00000000,0.50008953,"NONRELEVANT:BINARY_FIXED_0_1"
17_InternetAds,t100,133,zscore,698,0.00000000,0.50008953,"NONRELEVANT:BINARY_FIXED_0_1"
17_InternetAds,t100,133,zscore,699,0.00000000,0.50008953,"NONRELEVANT:BINARY_FIXED_0_1"
17_InternetAds,t100,133,zscore,702,0.00000000,0.50008953,"NONRELEVANT:BINARY_FIXED_0_1"
17_InternetAds,t100,133,zscore,703,0.00000000,0.50008953,"NONRELEVANT:BINARY_FIXED_0_1"
17_InternetAds,t100,133,zscore,704,0.00000000,0.50008953,"NONRELEVANT:BINARY_FIXED_0_1"
17_InternetAds,t100,133,zscore,705,0.00000000,0.50008953,"NONRELEVANT:BINARY_FIXED_0_1"
17_InternetAds,t100,133,zscore,707,0.00000000,0.50008953,"NONRELEVANT:BINARY_FIXED_0_1"
17_InternetAds,t100,133,zscore,709,0.00000000,0.50008953,"NONRELEVANT:BINARY_FIXED_0_1"
17_InternetAds,t100,133,zscore,710,0.00000000,0.50008953,"NONRELEVANT:BINARY_FIXED_0_1"
17_InternetAds,t100,133,zscore,711,0.00000000,0.50008953,"NONRELEVANT:BINARY_FIXED_0_1"
17_InternetAds,t100,133,zscore,712,0.00000000,0.50008953,"NONRELEVANT:BINARY_FIXED_0_1"
17_InternetAds,t100,133,zscore,713,0.00000000,0.50008953,"NONRELEVANT:BINARY_FIXED_0_1"
17_InternetAds,t100,133,zscore,714,0.00000000,0.50008953,"NONRELEVANT:BINARY_FIXED_0_1"
17_InternetAds,t100,133,zscore,715,0.00000000,0.50008953,"NONRELEVANT:BINARY_FIXED_0_1"
17_InternetAds,t100,133,zscore,716,0.00000000,0.50008953,"NONRELEVANT:BINARY_FIXED_0_1"
17_InternetAds,t100,133,zscore,718,0.00000000,0.50008953,"NONRELEVANT:BINARY_FIXED_0_1"
17_InternetAds,t100,133,zscore,719,0.00000000,0.50008953,"NONRELEVANT:BINARY_FIXED_0_1"
17_InternetAds,t100,133,zscore,721,0.00000000,0.50008953,"NONRELEVANT:BINARY_FIXED_0_1"
17_InternetAds,t100,133,zscore,722,0.00000000,0.50008953,"NONRELEVANT:BINARY_FIXED_0_1"
17_InternetAds,t100,133,zscore,723,0.00000000,0.50008953,"NONRELEVANT:BINARY_FIXED_0_1"
17_InternetAds,t100,133,zscore,724,0.00000000,0.50008953,"NONRELEVANT:BINARY_FIXED_0_1"
17_InternetAds,t100,133,zscore,725,0.00000000,0.50008953,"NONRELEVANT:BINARY_FIXED_0_1"
17_InternetAds,t100,133,zscore,727,0.00000000,0.50008953,"NONRELEVANT:BINARY_FIXED_0_1"
17_InternetAds,t100,133,zscore,728,0.00000000,0.50008953,"NONRELEVANT:BINARY_FIXED_0_1"
17_InternetAds,t100,133,zscore,729,0.00000000,0.50008953,"NONRELEVANT:BINARY_FIXED_0_1"
17_InternetAds,t100,133,zscore,730,0.00000000,0.50008953,"NONRELEVANT:BINARY_FIXED_0_1"
17_InternetAds,t100,133,zscore,732,0.00000000,0.50008953,"NONRELEVANT:BINARY_FIXED_0_1"
17_InternetAds,t100,133,zscore,733,0.00000000,0.50008953,"NONRELEVANT:BINARY_FIXED_0_1"
17_InternetAds,t100,133,zscore,734,0.00000000,0.50008953,"NONRELEVANT:BINARY_FIXED_0_1"
17_InternetAds,t100,133,zscore,736,0.00000000,0.50008953,"NONRELEVANT:BINARY_FIXED_0_1"
17_InternetAds,t100,133,zscore,737,0.00000000,0.50008953,"NONRELEVANT:BINARY_FIXED_0_1"
17_InternetAds,t100,133,zscore,738,0.00000000,0.50008953,"NONRELEVANT:BINARY_FIXED_0_1"
17_InternetAds,t100,133,zscore,739,0.00000000,0.50008953,"NONRELEVANT:BINARY_FIXED_0_1"
17_InternetAds,t100,133,zscore,740,0.00000000,0.50008953,"NONRELEVANT:BINARY_FIXED_0_1"
17_InternetAds,t100,133,zscore,742,0.00000000,0.50008953,"NONRELEVANT:BINARY_FIXED_0_1"
17_InternetAds,t100,133,zscore,743,0.00000000,0.50008953,"NONRELEVANT:BINARY_FIXED_0_1"
17_InternetAds,t100,133,zscore,744,0.00000000,0.50008953,"NONRELEVANT:BINARY_FIXED_0_1"
17_InternetAds,t100,133,zscore,745,0.00000000,0.50008953,"NONRELEVANT:BINARY_FIXED_0_1"
17_InternetAds,t100,133,zscore,746,0.00000000,0.50008953,"NONRELEVANT:BINARY_FIXED_0_1"
17_InternetAds,t100,133,zscore,747,0.00000000,0.50008953,"NONRELEVANT:BINARY_FIXED_0_1"
17_InternetAds,t100,133,zscore,748,0.00000000,0.50008953,"NONRELEVANT:BINARY_FIXED_0_1"
17_InternetAds,t100,133,zscore,749,0.00000000,0.50008953,"NONRELEVANT:BINARY_FIXED_0_1"
17_InternetAds,t100,133,zscore,750,0.00000000,0.50008953,"NONRELEVANT:BINARY_FIXED_0_1"
17_InternetAds,t100,133,zscore,751,0.00000000,0.50008953,"NONRELEVANT:BINARY_FIXED_0_1"
17_InternetAds,t100,133,zscore,752,0.00000000,0.50008953,"NONRELEVANT:BINARY_FIXED_0_1"
17_InternetAds,t100,133,zscore,753,0.00000000,0.50008953,"NONRELEVANT:BINARY_FIXED_0_1"
17_InternetAds,t100,133,zscore,754,0.00000000,0.50008953,"NONRELEVANT:BINARY_FIXED_0_1"
17_InternetAds,t100,133,zscore,755,0.00000000,0.50008953,"NONRELEVANT:BINARY_FIXED_0_1"
17_InternetAds,t100,133,zscore,756,0.00000000,0.50008953,"NONRELEVANT:BINARY_FIXED_0_1"
17_InternetAds,t100,133,zscore,757,0.00000000,0.50008953,"NONRELEVANT:BINARY_FIXED_0_1"
17_InternetAds,t100,133,zscore,758,0.00000000,0.50008953,"NONRELEVANT:BINARY_FIXED_0_1"
17_InternetAds,t100,133,zscore,760,0.00000000,0.50008953,"NONRELEVANT:BINARY_FIXED_0_1"
17_InternetAds,t100,133,zscore,761,0.00000000,0.50008953,"NONRELEVANT:BINARY_FIXED_0_1"
17_InternetAds,t100,133,zscore,762,0.00000000,0.50008953,"NONRELEVANT:BINARY_FIXED_0_1"
17_InternetAds,t100,133,zscore,763,0.00000000,0.50008953,"NONRELEVANT:BINARY_FIXED_0_1"
17_InternetAds,t100,133,zscore,764,0.00000000,0.50008953,"NONRELEVANT:BINARY_FIXED_0_1"
17_InternetAds,t100,133,zscore,765,0.00000000,0.50008953,"NONRELEVANT:BINARY_FIXED_0_1"
17_InternetAds,t100,133,zscore,766,0.00000000,0.50008953,"NONRELEVANT:BINARY_FIXED_0_1"
17_InternetAds,t100,133,zscore,767,0.00000000,0.50008953,"NONRELEVANT:BINARY_FIXED_0_1"
17_InternetAds,t100,133,zscore,768,0.00000000,0.50008953,"NONRELEVANT:BINARY_FIXED_0_1"
17_InternetAds,t100,133,zscore,772,0.00000000,0.50008953,"NONRELEVANT:BINARY_FIXED_0_1"
17_InternetAds,t100,133,zscore,773,0.00000000,0.50008953,"NONRELEVANT:BINARY_FIXED_0_1"
17_InternetAds,t100,133,zscore,774,0.00000000,0.50008953,"NONRELEVANT:BINARY_FIXED_0_1"
17_InternetAds,t100,133,zscore,775,0.00000000,0.50008953,"NONRELEVANT:BINARY_FIXED_0_1"
17_InternetAds,t100,133,zscore,776,0.00000000,0.50008953,"NONRELEVANT:BINARY_FIXED_0_1"
17_InternetAds,t100,133,zscore,777,0.00000000,0.50008953,"NONRELEVANT:BINARY_FIXED_0_1"
17_InternetAds,t100,133,zscore,778,0.00000000,0.50008953,"NONRELEVANT:BINARY_FIXED_0_1"
17_InternetAds,t100,133,zscore,779,0.00000000,0.50008953,"NONRELEVANT:BINARY_FIXED_0_1"
17_InternetAds,t100,133,zscore,781,0.00000000,0.50008953,"NONRELEVANT:BINARY_FIXED_0_1"
17_InternetAds,t100,133,zscore,782,0.00000000,0.50008953,"NONRELEVANT:BINARY_FIXED_0_1"
17_InternetAds,t100,133,zscore,783,0.00000000,0.50008953,"NONRELEVANT:BINARY_FIXED_0_1"
17_InternetAds,t100,133,zscore,784,0.00000000,0.50008953,"NONRELEVANT:BINARY_FIXED_0_1"
17_InternetAds,t100,133,zscore,785,0.00000000,0.50008953,"NONRELEVANT:BINARY_FIXED_0_1"
17_InternetAds,t100,133,zscore,786,0.00000000,0.50008953,"NONRELEVANT:BINARY_FIXED_0_1"
17_InternetAds,t100,133,zscore,787,0.00000000,0.50008953,"NONRELEVANT:BINARY_FIXED_0_1"
17_InternetAds,t100,133,zscore,788,0.00000000,0.50008953,"NONRELEVANT:BINARY_FIXED_0_1"
17_InternetAds,t100,133,zscore,789,0.00000000,0.50008953,"NONRELEVANT:BINARY_FIXED_0_1"
17_InternetAds,t100,133,zscore,790,0.00000000,0.50008953,"NONRELEVANT:BINARY_FIXED_0_1"
17_InternetAds,t100,133,zscore,791,0.00000000,0.50008953,"NONRELEVANT:BINARY_FIXED_0_1"
17_InternetAds,t100,133,zscore,792,0.00000000,0.50008953,"NONRELEVANT:BINARY_FIXED_0_1"
17_InternetAds,t100,133,zscore,793,0.00000000,0.50008953,"NONRELEVANT:BINARY_FIXED_0_1"
17_InternetAds,t100,133,zscore,794,0.00000000,0.50008953,"NONRELEVANT:BINARY_FIXED_0_1"
17_InternetAds,t100,133,zscore,795,0.00000000,0.50008953,"NONRELEVANT:BINARY_FIXED_0_1"
17_InternetAds,t100,133,zscore,796,0.00000000,0.50008953,"NONRELEVANT:BINARY_FIXED_0_1"
17_InternetAds,t100,133,zscore,797,0.00000000,0.50008953,"NONRELEVANT:BINARY_FIXED_0_1"
17_InternetAds,t100,133,zscore,798,0.00000000,0.50008953,"NONRELEVANT:BINARY_FIXED_0_1"
17_InternetAds,t100,133,zscore,799,0.00000000,0.50008953,"NONRELEVANT:BINARY_FIXED_0_1"
17_InternetAds,t100,133,zscore,800,0.00000000,0.50008953,"NONRELEVANT:BINARY_FIXED_0_1"
17_InternetAds,t100,133,zscore,801,0.00000000,0.50008953,"NONRELEVANT:BINARY_FIXED_0_1"
17_InternetAds,t100,133,zscore,802,0.00000000,0.50008953,"NONRELEVANT:BINARY_FIXED_0_1"
17_InternetAds,t100,133,zscore,803,0.00000000,0.50008953,"NONRELEVANT:BINARY_FIXED_0_1"
17_InternetAds,t100,133,zscore,805,0.00000000,0.50008953,"NONRELEVANT:BINARY_FIXED_0_1"
17_InternetAds,t100,133,zscore,806,0.00000000,0.50008953,"NONRELEVANT:BINARY_FIXED_0_1"
17_InternetAds,t100,133,zscore,807,0.00000000,0.50008953,"NONRELEVANT:BINARY_FIXED_0_1"
17_InternetAds,t100,133,zscore,808,0.00000000,0.50008953,"NONRELEVANT:BINARY_FIXED_0_1"
17_InternetAds,t100,133,zscore,811,0.00000000,0.50008953,"NONRELEVANT:BINARY_FIXED_0_1"
17_InternetAds,t100,133,zscore,812,0.00000000,0.50008953,"NONRELEVANT:BINARY_FIXED_0_1"
17_InternetAds,t100,133,zscore,813,0.00000000,0.50008953,"NONRELEVANT:BINARY_FIXED_0_1"
17_InternetAds,t100,133,zscore,814,0.00000000,0.50008953,"NONRELEVANT:BINARY_FIXED_0_1"
17_InternetAds,t100,133,zscore,815,0.00000000,0.50008953,"NONRELEVANT:BINARY_FIXED_0_1"
17_InternetAds,t100,133,zscore,817,0.00000000,0.50008953,"NONRELEVANT:BINARY_FIXED_0_1"
17_InternetAds,t100,133,zscore,818,0.00000000,0.50008953,"NONRELEVANT:BINARY_FIXED_0_1"
17_InternetAds,t100,133,zscore,819,0.00000000,0.50008953,"NONRELEVANT:BINARY_FIXED_0_1"
17_InternetAds,t100,133,zscore,820,0.00000000,0.50008953,"NONRELEVANT:BINARY_FIXED_0_1"
17_InternetAds,t100,133,zscore,821,0.00000000,0.50008953,"NONRELEVANT:BINARY_FIXED_0_1"
17_InternetAds,t100,133,zscore,823,0.00000000,0.50008953,"NONRELEVANT:BINARY_FIXED_0_1"
17_InternetAds,t100,133,zscore,824,0.00000000,0.50008953,"NONRELEVANT:BINARY_FIXED_0_1"
17_InternetAds,t100,133,zscore,825,0.00000000,0.50008953,"NONRELEVANT:BINARY_FIXED_0_1"
17_InternetAds,t100,133,zscore,826,0.00000000,0.50008953,"NONRELEVANT:BINARY_FIXED_0_1"
17_InternetAds,t100,133,zscore,827,0.00000000,0.50008953,"NONRELEVANT:BINARY_FIXED_0_1"
17_InternetAds,t100,133,zscore,828,0.00000000,0.50008953,"NONRELEVANT:BINARY_FIXED_0_1"
17_InternetAds,t100,133,zscore,829,0.00000000,0.50008953,"NONRELEVANT:BINARY_FIXED_0_1"
17_InternetAds,t100,133,zscore,830,0.00000000,0.50008953,"NONRELEVANT:BINARY_FIXED_0_1"
17_InternetAds,t100,133,zscore,831,0.00000000,0.50008953,"NONRELEVANT:BINARY_FIXED_0_1"
17_InternetAds,t100,133,zscore,832,0.00000000,0.50008953,"NONRELEVANT:BINARY_FIXED_0_1"
17_InternetAds,t100,133,zscore,833,0.00000000,0.50008953,"NONRELEVANT:BINARY_FIXED_0_1"
17_InternetAds,t100,133,zscore,834,0.00000000,0.50008953,"NONRELEVANT:BINARY_FIXED_0_1"
17_InternetAds,t100,133,zscore,835,0.00000000,0.50008953,"NONRELEVANT:BINARY_FIXED_0_1"
17_InternetAds,t100,133,zscore,836,0.00000000,0.50008953,"NONRELEVANT:BINARY_FIXED_0_1"
17_InternetAds,t100,133,zscore,838,0.00000000,0.50008953,"NONRELEVANT:BINARY_FIXED_0_1"
17_InternetAds,t100,133,zscore,839,0.00000000,0.50008953,"NONRELEVANT:BINARY_FIXED_0_1"
17_InternetAds,t100,133,zscore,840,0.00000000,0.50008953,"NONRELEVANT:BINARY_FIXED_0_1"
17_InternetAds,t100,133,zscore,841,0.00000000,0.50008953,"NONRELEVANT:BINARY_FIXED_0_1"
17_InternetAds,t100,133,zscore,842,0.00000000,0.50008953,"NONRELEVANT:BINARY_FIXED_0_1"
17_InternetAds,t100,133,zscore,843,0.00000000,0.50008953,"NONRELEVANT:BINARY_FIXED_0_1"
17_InternetAds,t100,133,zscore,844,0.00000000,0.50008953,"NONRELEVANT:BINARY_FIXED_0_1"
17_InternetAds,t100,133,zscore,847,0.00000000,0.50008953,"NONRELEVANT:BINARY_FIXED_0_1"
17_InternetAds,t100,133,zscore,848,0.00000000,0.50008953,"NONRELEVANT:BINARY_FIXED_0_1"
17_InternetAds,t100,133,zscore,849,0.00000000,0.50008953,"NONRELEVANT:BINARY_FIXED_0_1"
17_InternetAds,t100,133,zscore,850,0.00000000,0.50008953,"NONRELEVANT:BINARY_FIXED_0_1"
17_InternetAds,t100,133,zscore,851,0.00000000,0.50008953,"NONRELEVANT:BINARY_FIXED_0_1"
17_InternetAds,t100,133,zscore,852,0.00000000,0.50008953,"NONRELEVANT:BINARY_FIXED_0_1"
17_InternetAds,t100,133,zscore,853,0.00000000,0.50008953,"NONRELEVANT:BINARY_FIXED_0_1"
17_InternetAds,t100,133,zscore,854,0.00000000,0.50008953,"NONRELEVANT:BINARY_FIXED_0_1"
17_InternetAds,t100,133,zscore,855,0.00000000,0.50008953,"NONRELEVANT:BINARY_FIXED_0_1"
17_InternetAds,t100,133,zscore,856,0.00000000,0.50008953,"NONRELEVANT:BINARY_FIXED_0_1"
17_InternetAds,t100,133,zscore,858,0.00000000,0.50008953,"NONRELEVANT:BINARY_FIXED_0_1"
17_InternetAds,t100,133,zscore,859,0.00000000,0.50008953,"NONRELEVANT:BINARY_FIXED_0_1"
17_InternetAds,t100,133,zscore,861,0.00000000,0.50008953,"NONRELEVANT:BINARY_FIXED_0_1"
17_InternetAds,t100,133,zscore,862,0.00000000,0.50008953,"NONRELEVANT:BINARY_FIXED_0_1"
17_InternetAds,t100,133,zscore,863,0.00000000,0.50008953,"NONRELEVANT:BINARY_FIXED_0_1"
17_InternetAds,t100,133,zscore,864,0.00000000,0.50008953,"NONRELEVANT:BINARY_FIXED_0_1"
17_InternetAds,t100,133,zscore,865,0.00000000,0.50008953,"NONRELEVANT:BINARY_FIXED_0_1"
17_InternetAds,t100,133,zscore,866,0.00000000,0.50008953,"NONRELEVANT:BINARY_FIXED_0_1"
17_InternetAds,t100,133,zscore,868,0.00000000,0.50008953,"NONRELEVANT:BINARY_FIXED_0_1"
17_InternetAds,t100,133,zscore,869,0.00000000,0.50008953,"NONRELEVANT:BINARY_FIXED_0_1"
17_InternetAds,t100,133,zscore,871,0.00000000,0.50008953,"NONRELEVANT:BINARY_FIXED_0_1"
17_InternetAds,t100,133,zscore,872,0.00000000,0.50008953,"NONRELEVANT:BINARY_FIXED_0_1"
17_InternetAds,t100,133,zscore,873,0.00000000,0.50008953,"NONRELEVANT:BINARY_FIXED_0_1"
17_InternetAds,t100,133,zscore,874,0.00000000,0.50008953,"NONRELEVANT:BINARY_FIXED_0_1"
17_InternetAds,t100,133,zscore,875,0.00000000,0.50008953,"NONRELEVANT:BINARY_FIXED_0_1"
17_InternetAds,t100,133,zscore,876,0.00000000,0.50008953,"NONRELEVANT:BINARY_FIXED_0_1"
17_InternetAds,t100,133,zscore,877,0.00000000,0.50008953,"NONRELEVANT:BINARY_FIXED_0_1"
17_InternetAds,t100,133,zscore,878,0.00000000,0.50008953,"NONRELEVANT:BINARY_FIXED_0_1"
17_InternetAds,t100,133,zscore,879,0.00000000,0.50008953,"NONRELEVANT:BINARY_FIXED_0_1"
17_InternetAds,t100,133,zscore,880,0.00000000,0.50008953,"NONRELEVANT:BINARY_FIXED_0_1"
17_InternetAds,t100,133,zscore,881,0.00000000,0.50008953,"NONRELEVANT:BINARY_FIXED_0_1"
17_InternetAds,t100,133,zscore,882,0.00000000,0.50008953,"NONRELEVANT:BINARY_FIXED_0_1"
17_InternetAds,t100,133,zscore,883,0.00000000,0.50008953,"NONRELEVANT:BINARY_FIXED_0_1"
17_InternetAds,t100,133,zscore,884,0.00000000,0.50008953,"NONRELEVANT:BINARY_FIXED_0_1"
17_InternetAds,t100,133,zscore,885,0.00000000,0.50008953,"NONRELEVANT:BINARY_FIXED_0_1"
17_InternetAds,t100,133,zscore,886,0.00000000,0.50008953,"NONRELEVANT:BINARY_FIXED_0_1"
17_InternetAds,t100,133,zscore,888,0.00000000,0.50008953,"NONRELEVANT:BINARY_FIXED_0_1"
17_InternetAds,t100,133,zscore,889,0.00000000,0.50008953,"NONRELEVANT:BINARY_FIXED_0_1"
17_InternetAds,t100,133,zscore,890,0.00000000,0.50008953,"NONRELEVANT:BINARY_FIXED_0_1"
17_InternetAds,t100,133,zscore,891,0.00000000,0.50008953,"NONRELEVANT:BINARY_FIXED_0_1"
17_InternetAds,t100,133,zscore,892,0.00000000,0.50008953,"NONRELEVANT:BINARY_FIXED_0_1"
17_InternetAds,t100,133,zscore,893,0.00000000,0.50008953,"NONRELEVANT:BINARY_FIXED_0_1"
17_InternetAds,t100,133,zscore,894,0.00000000,0.50008953,"NONRELEVANT:BINARY_FIXED_0_1"
17_InternetAds,t100,133,zscore,895,0.00000000,0.50008953,"NONRELEVANT:BINARY_FIXED_0_1"
17_InternetAds,t100,133,zscore,896,0.00000000,0.50008953,"NONRELEVANT:BINARY_FIXED_0_1"
17_InternetAds,t100,133,zscore,897,0.00000000,0.50008953,"NONRELEVANT:BINARY_FIXED_0_1"
17_InternetAds,t100,133,zscore,898,0.00000000,0.50008953,"NONRELEVANT:BINARY_FIXED_0_1"
17_InternetAds,t100,133,zscore,899,0.00000000,0.50008953,"NONRELEVANT:BINARY_FIXED_0_1"
17_InternetAds,t100,133,zscore,900,0.00000000,0.50008953,"NONRELEVANT:BINARY_FIXED_0_1"
17_InternetAds,t100,133,zscore,901,0.00000000,0.50008953,"NONRELEVANT:BINARY_FIXED_0_1"
17_InternetAds,t100,133,zscore,902,0.00000000,0.50008953,"NONRELEVANT:BINARY_FIXED_0_1"
17_InternetAds,t100,133,zscore,903,0.00000000,0.50008953,"NONRELEVANT:BINARY_FIXED_0_1"
17_InternetAds,t100,133,zscore,904,0.00000000,0.50008953,"NONRELEVANT:BINARY_FIXED_0_1"
17_InternetAds,t100,133,zscore,905,0.00000000,0.50008953,"NONRELEVANT:BINARY_FIXED_0_1"
17_InternetAds,t100,133,zscore,906,0.00000000,0.50008953,"NONRELEVANT:BINARY_FIXED_0_1"
17_InternetAds,t100,133,zscore,907,0.00000000,0.50008953,"NONRELEVANT:BINARY_FIXED_0_1"
17_InternetAds,t100,133,zscore,908,0.00000000,0.50008953,"NONRELEVANT:BINARY_FIXED_0_1"
17_InternetAds,t100,133,zscore,909,0.00000000,0.50008953,"NONRELEVANT:BINARY_FIXED_0_1"
17_InternetAds,t100,133,zscore,910,0.00000000,0.50008953,"NONRELEVANT:BINARY_FIXED_0_1"
17_InternetAds,t100,133,zscore,911,0.00000000,0.50008953,"NONRELEVANT:BINARY_FIXED_0_1"
17_InternetAds,t100,133,zscore,912,0.00000000,0.50008953,"NONRELEVANT:BINARY_FIXED_0_1"
17_InternetAds,t100,133,zscore,913,0.00000000,0.50008953,"NONRELEVANT:BINARY_FIXED_0_1"
17_InternetAds,t100,133,zscore,914,0.00000000,0.50008953,"NONRELEVANT:BINARY_FIXED_0_1"
17_InternetAds,t100,133,zscore,915,0.00000000,0.50008953,"NONRELEVANT:BINARY_FIXED_0_1"
17_InternetAds,t100,133,zscore,916,0.00000000,0.50008953,"NONRELEVANT:BINARY_FIXED_0_1"
17_InternetAds,t100,133,zscore,917,0.00000000,0.50008953,"NONRELEVANT:BINARY_FIXED_0_1"
17_InternetAds,t100,133,zscore,918,0.00000000,0.50008953,"NONRELEVANT:BINARY_FIXED_0_1"
17_InternetAds,t100,133,zscore,919,0.00000000,0.50008953,"NONRELEVANT:BINARY_FIXED_0_1"
17_InternetAds,t100,133,zscore,920,0.00000000,0.50008953,"NONRELEVANT:BINARY_FIXED_0_1"
17_InternetAds,t100,133,zscore,921,0.00000000,0.50008953,"NONRELEVANT:BINARY_FIXED_0_1"
17_InternetAds,t100,133,zscore,923,0.00000000,0.50008953,"NONRELEVANT:BINARY_FIXED_0_1"
17_InternetAds,t100,133,zscore,925,0.00000000,0.50008953,"NONRELEVANT:BINARY_FIXED_0_1"
17_InternetAds,t100,133,zscore,926,0.00000000,0.50008953,"NONRELEVANT:BINARY_FIXED_0_1"
17_InternetAds,t100,133,zscore,928,0.00000000,0.50008953,"NONRELEVANT:BINARY_FIXED_0_1"
17_InternetAds,t100,133,zscore,929,0.00000000,0.50008953,"NONRELEVANT:BINARY_FIXED_0_1"
17_InternetAds,t100,133,zscore,930,0.00000000,0.50008953,"NONRELEVANT:BINARY_FIXED_0_1"
17_InternetAds,t100,133,zscore,931,0.00000000,0.50008953,"NONRELEVANT:BINARY_FIXED_0_1"
17_InternetAds,t100,133,zscore,932,0.00000000,0.50008953,"NONRELEVANT:BINARY_FIXED_0_1"
17_InternetAds,t100,133,zscore,933,0.00000000,0.50008953,"NONRELEVANT:BINARY_FIXED_0_1"
17_InternetAds,t100,133,zscore,934,0.00000000,0.50008953,"NONRELEVANT:BINARY_FIXED_0_1"
17_InternetAds,t100,133,zscore,935,0.00000000,0.50008953,"NONRELEVANT:BINARY_FIXED_0_1"
17_InternetAds,t100,133,zscore,936,0.00000000,0.50008953,"NONRELEVANT:BINARY_FIXED_0_1"
17_InternetAds,t100,133,zscore,937,0.00000000,0.50008953,"NONRELEVANT:BINARY_FIXED_0_1"
17_InternetAds,t100,133,zscore,938,0.00000000,0.50008953,"NONRELEVANT:BINARY_FIXED_0_1"
17_InternetAds,t100,133,zscore,942,0.00000000,0.50008953,"NONRELEVANT:BINARY_FIXED_0_1"
17_InternetAds,t100,133,zscore,943,0.00000000,0.50008953,"NONRELEVANT:BINARY_FIXED_0_1"
17_InternetAds,t100,133,zscore,944,0.00000000,0.50008953,"NONRELEVANT:BINARY_FIXED_0_1"
17_InternetAds,t100,133,zscore,946,0.00000000,0.50008953,"NONRELEVANT:BINARY_FIXED_0_1"
17_InternetAds,t100,133,zscore,947,0.00000000,0.50008953,"NONRELEVANT:BINARY_FIXED_0_1"
17_InternetAds,t100,133,zscore,949,0.00000000,0.50008953,"NONRELEVANT:BINARY_FIXED_0_1"
17_InternetAds,t100,133,zscore,950,0.00000000,0.50008953,"NONRELEVANT:BINARY_FIXED_0_1"
17_InternetAds,t100,133,zscore,951,0.00000000,0.50008953,"NONRELEVANT:BINARY_FIXED_0_1"
17_InternetAds,t100,133,zscore,953,0.00000000,0.50008953,"NONRELEVANT:BINARY_FIXED_0_1"
17_InternetAds,t100,133,zscore,954,0.00000000,0.50008953,"NONRELEVANT:BINARY_FIXED_0_1"
17_InternetAds,t100,133,zscore,955,0.00000000,0.50008953,"NONRELEVANT:BINARY_FIXED_0_1"
17_InternetAds,t100,133,zscore,956,0.00000000,0.50008953,"NONRELEVANT:BINARY_FIXED_0_1"
17_InternetAds,t100,133,zscore,958,0.00000000,0.50008953,"NONRELEVANT:BINARY_FIXED_0_1"
17_InternetAds,t100,133,zscore,959,0.00000000,0.50008953,"NONRELEVANT:BINARY_FIXED_0_1"
17_InternetAds,t100,133,zscore,961,0.00000000,0.50008953,"NONRELEVANT:BINARY_FIXED_0_1"
17_InternetAds,t100,133,zscore,962,0.00000000,0.50008953,"NONRELEVANT:BINARY_FIXED_0_1"
17_InternetAds,t100,133,zscore,963,0.00000000,0.50008953,"NONRELEVANT:BINARY_FIXED_0_1"
17_InternetAds,t100,133,zscore,965,0.00000000,0.50008953,"NONRELEVANT:BINARY_FIXED_0_1"
17_InternetAds,t100,133,zscore,967,0.00000000,0.50008953,"NONRELEVANT:BINARY_FIXED_0_1"
17_InternetAds,t100,133,zscore,968,0.00000000,0.50008953,"NONRELEVANT:BINARY_FIXED_0_1"
17_InternetAds,t100,133,zscore,971,0.00000000,0.50008953,"NONRELEVANT:BINARY_FIXED_0_1"
17_InternetAds,t100,133,zscore,972,0.00000000,0.50008953,"NONRELEVANT:BINARY_FIXED_0_1"
17_InternetAds,t100,133,zscore,974,0.00000000,0.50008953,"NONRELEVANT:BINARY_FIXED_0_1"
17_InternetAds,t100,133,zscore,975,0.00000000,0.50008953,"NONRELEVANT:BINARY_FIXED_0_1"
17_InternetAds,t100,133,zscore,976,0.00000000,0.50008953,"NONRELEVANT:BINARY_FIXED_0_1"
17_InternetAds,t100,133,zscore,977,0.00000000,0.50008953,"NONRELEVANT:BINARY_FIXED_0_1"
17_InternetAds,t100,133,zscore,978,0.00000000,0.50008953,"NONRELEVANT:BINARY_FIXED_0_1"
17_InternetAds,t100,133,zscore,979,0.00000000,0.50008953,"NONRELEVANT:BINARY_FIXED_0_1"
17_InternetAds,t100,133,zscore,981,0.00000000,0.50008953,"NONRELEVANT:BINARY_FIXED_0_1"
17_InternetAds,t100,133,zscore,982,0.00000000,0.50008953,"NONRELEVANT:BINARY_FIXED_0_1"
17_InternetAds,t100,133,zscore,984,0.00000000,0.50008953,"NONRELEVANT:BINARY_FIXED_0_1"
17_InternetAds,t100,133,zscore,985,0.00000000,0.50008953,"NONRELEVANT:BINARY_FIXED_0_1"
17_InternetAds,t100,133,zscore,986,0.00000000,0.50008953,"NONRELEVANT:BINARY_FIXED_0_1"
17_InternetAds,t100,133,zscore,988,0.00000000,0.50008953,"NONRELEVANT:BINARY_FIXED_0_1"
17_InternetAds,t100,133,zscore,989,0.00000000,0.50008953,"NONRELEVANT:BINARY_FIXED_0_1"
17_InternetAds,t100,133,zscore,991,0.00000000,0.50008953,"NONRELEVANT:BINARY_FIXED_0_1"
17_InternetAds,t100,133,zscore,992,0.00000000,0.50008953,"NONRELEVANT:BINARY_FIXED_0_1"
17_InternetAds,t100,133,zscore,993,0.00000000,0.50008953,"NONRELEVANT:BINARY_FIXED_0_1"
17_InternetAds,t100,133,zscore,994,0.00000000,0.50008953,"NONRELEVANT:BINARY_FIXED_0_1"
17_InternetAds,t100,133,zscore,995,0.00000000,0.50008953,"NONRELEVANT:BINARY_FIXED_0_1"
17_InternetAds,t100,133,zscore,996,0.00000000,0.50008953,"NONRELEVANT:BINARY_FIXED_0_1"
17_InternetAds,t100,133,zscore,997,0.00000000,0.50008953,"NONRELEVANT:BINARY_FIXED_0_1"
17_InternetAds,t100,133,zscore,998,0.00000000,0.50008953,"NONRELEVANT:BINARY_FIXED_0_1"
17_InternetAds,t100,133,zscore,999,0.00000000,0.50008953,"NONRELEVANT:BINARY_FIXED_0_1"
17_InternetAds,t100,133,zscore,1000,0.00000000,0.50008953,"NONRELEVANT:BINARY_FIXED_0_1"
17_InternetAds,t100,133,zscore,1001,0.00000000,0.50008953,"NONRELEVANT:BINARY_FIXED_0_1"
17_InternetAds,t100,133,zscore,1002,0.00000000,0.50008953,"NONRELEVANT:BINARY_FIXED_0_1"
17_InternetAds,t100,133,zscore,1003,0.00000000,0.50008953,"NONRELEVANT:BINARY_FIXED_0_1"
17_InternetAds,t100,133,zscore,1006,0.00000000,0.50008953,"NONRELEVANT:BINARY_FIXED_0_1"
17_InternetAds,t100,133,zscore,1008,0.00000000,0.50008953,"NONRELEVANT:BINARY_FIXED_0_1"
17_InternetAds,t100,133,zscore,1009,0.00000000,0.50008953,"NONRELEVANT:BINARY_FIXED_0_1"
17_InternetAds,t100,133,zscore,1010,0.00000000,0.50008953,"NONRELEVANT:BINARY_FIXED_0_1"
17_InternetAds,t100,133,zscore,1012,0.00000000,0.50008953,"NONRELEVANT:BINARY_FIXED_0_1"
17_InternetAds,t100,133,zscore,1015,0.00000000,0.50008953,"NONRELEVANT:BINARY_FIXED_0_1"
17_InternetAds,t100,133,zscore,1016,0.00000000,0.50008953,"NONRELEVANT:BINARY_FIXED_0_1"
17_InternetAds,t100,133,zscore,1017,0.00000000,0.50008953,"NONRELEVANT:BINARY_FIXED_0_1"
17_InternetAds,t100,133,zscore,1018,0.00000000,0.50008953,"NONRELEVANT:BINARY_FIXED_0_1"
17_InternetAds,t100,133,zscore,1020,0.00000000,0.50008953,"NONRELEVANT:BINARY_FIXED_0_1"
17_InternetAds,t100,133,zscore,1022,0.00000000,0.50008953,"NONRELEVANT:BINARY_FIXED_0_1"
17_InternetAds,t100,133,zscore,1023,0.00000000,0.50008953,"NONRELEVANT:BINARY_FIXED_0_1"
17_InternetAds,t100,133,zscore,1024,0.00000000,0.50008953,"NONRELEVANT:BINARY_FIXED_0_1"
17_InternetAds,t100,133,zscore,1025,0.00000000,0.50008953,"NONRELEVANT:BINARY_FIXED_0_1"
17_InternetAds,t100,133,zscore,1026,0.00000000,0.50008953,"NONRELEVANT:BINARY_FIXED_0_1"
17_InternetAds,t100,133,zscore,1027,0.00000000,0.50008953,"NONRELEVANT:BINARY_FIXED_0_1"
17_InternetAds,t100,133,zscore,1028,0.00000000,0.50008953,"NONRELEVANT:BINARY_FIXED_0_1"
17_InternetAds,t100,133,zscore,1029,0.00000000,0.50008953,"NONRELEVANT:BINARY_FIXED_0_1"
17_InternetAds,t100,133,zscore,1030,0.00000000,0.50008953,"NONRELEVANT:BINARY_FIXED_0_1"
17_InternetAds,t100,133,zscore,1031,0.00000000,0.50008953,"NONRELEVANT:BINARY_FIXED_0_1"
17_InternetAds,t100,133,zscore,1033,0.00000000,0.50008953,"NONRELEVANT:BINARY_FIXED_0_1"
17_InternetAds,t100,133,zscore,1034,0.00000000,0.50008953,"NONRELEVANT:BINARY_FIXED_0_1"
17_InternetAds,t100,133,zscore,1035,0.00000000,0.50008953,"NONRELEVANT:BINARY_FIXED_0_1"
17_InternetAds,t100,133,zscore,1036,0.00000000,0.50008953,"NONRELEVANT:BINARY_FIXED_0_1"
17_InternetAds,t100,133,zscore,1040,0.00000000,0.50008953,"NONRELEVANT:BINARY_FIXED_0_1"
17_InternetAds,t100,133,zscore,1041,0.00000000,0.50008953,"NONRELEVANT:BINARY_FIXED_0_1"
17_InternetAds,t100,133,zscore,1044,0.00000000,0.50008953,"NONRELEVANT:BINARY_FIXED_0_1"
17_InternetAds,t100,133,zscore,1047,0.00000000,0.50008953,"NONRELEVANT:BINARY_FIXED_0_1"
17_InternetAds,t100,133,zscore,1048,0.00000000,0.50008953,"NONRELEVANT:BINARY_FIXED_0_1"
17_InternetAds,t100,133,zscore,1050,0.00000000,0.50008953,"NONRELEVANT:BINARY_FIXED_0_1"
17_InternetAds,t100,133,zscore,1053,0.00000000,0.50008953,"NONRELEVANT:BINARY_FIXED_0_1"
17_InternetAds,t100,133,zscore,1056,0.00000000,0.50008953,"NONRELEVANT:BINARY_FIXED_0_1"
17_InternetAds,t100,133,zscore,1057,0.00000000,0.50008953,"NONRELEVANT:BINARY_FIXED_0_1"
17_InternetAds,t100,133,zscore,1059,0.00000000,0.50008953,"NONRELEVANT:BINARY_FIXED_0_1"
17_InternetAds,t100,133,zscore,1060,0.00000000,0.50008953,"NONRELEVANT:BINARY_FIXED_0_1"
17_InternetAds,t100,133,zscore,1061,0.00000000,0.50008953,"NONRELEVANT:BINARY_FIXED_0_1"
17_InternetAds,t100,133,zscore,1063,0.00000000,0.50008953,"NONRELEVANT:BINARY_FIXED_0_1"
17_InternetAds,t100,133,zscore,1064,0.00000000,0.50008953,"NONRELEVANT:BINARY_FIXED_0_1"
17_InternetAds,t100,133,zscore,1065,0.00000000,0.50008953,"NONRELEVANT:BINARY_FIXED_0_1"
17_InternetAds,t100,133,zscore,1066,0.00000000,0.50008953,"NONRELEVANT:BINARY_FIXED_0_1"
17_InternetAds,t100,133,zscore,1067,0.00000000,0.50008953,"NONRELEVANT:BINARY_FIXED_0_1"
17_InternetAds,t100,133,zscore,1068,0.00000000,0.50008953,"NONRELEVANT:BINARY_FIXED_0_1"
17_InternetAds,t100,133,zscore,1069,0.00000000,0.50008953,"NONRELEVANT:BINARY_FIXED_0_1"
17_InternetAds,t100,133,zscore,1071,0.00000000,0.50008953,"NONRELEVANT:BINARY_FIXED_0_1"
17_InternetAds,t100,133,zscore,1073,0.00000000,0.50008953,"NONRELEVANT:BINARY_FIXED_0_1"
17_InternetAds,t100,133,zscore,1074,0.00000000,0.50008953,"NONRELEVANT:BINARY_FIXED_0_1"
17_InternetAds,t100,133,zscore,1075,0.00000000,0.50008953,"NONRELEVANT:BINARY_FIXED_0_1"
17_InternetAds,t100,133,zscore,1076,0.00000000,0.50008953,"NONRELEVANT:BINARY_FIXED_0_1"
17_InternetAds,t100,133,zscore,1077,0.00000000,0.50008953,"NONRELEVANT:BINARY_FIXED_0_1"
17_InternetAds,t100,133,zscore,1078,0.00000000,0.50008953,"NONRELEVANT:BINARY_FIXED_0_1"
17_InternetAds,t100,133,zscore,1079,0.00000000,0.50008953,"NONRELEVANT:BINARY_FIXED_0_1"
17_InternetAds,t100,133,zscore,1080,0.00000000,0.50008953,"NONRELEVANT:BINARY_FIXED_0_1"
17_InternetAds,t100,133,zscore,1082,0.00000000,0.50008953,"NONRELEVANT:BINARY_FIXED_0_1"
17_InternetAds,t100,133,zscore,1083,0.00000000,0.50008953,"NONRELEVANT:BINARY_FIXED_0_1"
17_InternetAds,t100,133,zscore,1084,0.00000000,0.50008953,"NONRELEVANT:BINARY_FIXED_0_1"
17_InternetAds,t100,133,zscore,1086,0.00000000,0.50008953,"NONRELEVANT:BINARY_FIXED_0_1"
17_InternetAds,t100,133,zscore,1087,0.00000000,0.50008953,"NONRELEVANT:BINARY_FIXED_0_1"
17_InternetAds,t100,133,zscore,1088,0.00000000,0.50008953,"NONRELEVANT:BINARY_FIXED_0_1"
17_InternetAds,t100,133,zscore,1090,0.00000000,0.50008953,"NONRELEVANT:BINARY_FIXED_0_1"
17_InternetAds,t100,133,zscore,1091,0.00000000,0.50008953,"NONRELEVANT:BINARY_FIXED_0_1"
17_InternetAds,t100,133,zscore,1092,0.00000000,0.50008953,"NONRELEVANT:BINARY_FIXED_0_1"
17_InternetAds,t100,133,zscore,1093,0.00000000,0.50008953,"NONRELEVANT:BINARY_FIXED_0_1"
17_InternetAds,t100,133,zscore,1095,0.00000000,0.50008953,"NONRELEVANT:BINARY_FIXED_0_1"
17_InternetAds,t100,133,zscore,1096,0.00000000,0.50008953,"NONRELEVANT:BINARY_FIXED_0_1"
17_InternetAds,t100,133,zscore,1098,0.00000000,0.50008953,"NONRELEVANT:BINARY_FIXED_0_1"
17_InternetAds,t100,133,zscore,1100,0.00000000,0.50008953,"NONRELEVANT:BINARY_FIXED_0_1"
17_InternetAds,t100,133,zscore,1101,0.00000000,0.50008953,"NONRELEVANT:BINARY_FIXED_0_1"
17_InternetAds,t100,133,zscore,1102,0.00000000,0.50008953,"NONRELEVANT:BINARY_FIXED_0_1"
17_InternetAds,t100,133,zscore,1103,0.00000000,0.50008953,"NONRELEVANT:BINARY_FIXED_0_1"
17_InternetAds,t100,133,zscore,1104,0.00000000,0.50008953,"NONRELEVANT:BINARY_FIXED_0_1"
17_InternetAds,t100,133,zscore,1105,0.00000000,0.50008953,"NONRELEVANT:BINARY_FIXED_0_1"
17_InternetAds,t100,133,zscore,1106,0.00000000,0.50008953,"NONRELEVANT:BINARY_FIXED_0_1"
17_InternetAds,t100,133,zscore,1108,0.00000000,0.50008953,"NONRELEVANT:BINARY_FIXED_0_1"
17_InternetAds,t100,133,zscore,1110,0.00000000,0.50008953,"NONRELEVANT:BINARY_FIXED_0_1"
17_InternetAds,t100,133,zscore,1111,0.00000000,0.50008953,"NONRELEVANT:BINARY_FIXED_0_1"
17_InternetAds,t100,133,zscore,1114,0.00000000,0.50008953,"NONRELEVANT:BINARY_FIXED_0_1"
17_InternetAds,t100,133,zscore,1115,0.00000000,0.50008953,"NONRELEVANT:BINARY_FIXED_0_1"
17_InternetAds,t100,133,zscore,1116,0.00000000,0.50008953,"NONRELEVANT:BINARY_FIXED_0_1"
17_InternetAds,t100,133,zscore,1117,0.00000000,0.50008953,"NONRELEVANT:BINARY_FIXED_0_1"
17_InternetAds,t100,133,zscore,1118,0.00000000,0.50008953,"NONRELEVANT:BINARY_FIXED_0_1"
17_InternetAds,t100,133,zscore,1119,0.00000000,0.50008953,"NONRELEVANT:BINARY_FIXED_0_1"
17_InternetAds,t100,133,zscore,1120,0.00000000,0.50008953,"NONRELEVANT:BINARY_FIXED_0_1"
17_InternetAds,t100,133,zscore,1121,0.00000000,0.50008953,"NONRELEVANT:BINARY_FIXED_0_1"
17_InternetAds,t100,133,zscore,1123,0.00000000,0.50008953,"NONRELEVANT:BINARY_FIXED_0_1"
17_InternetAds,t100,133,zscore,1124,0.00000000,0.50008953,"NONRELEVANT:BINARY_FIXED_0_1"
17_InternetAds,t100,133,zscore,1129,0.00000000,0.50008953,"NONRELEVANT:BINARY_FIXED_0_1"
17_InternetAds,t100,133,zscore,1130,0.00000000,0.50008953,"NONRELEVANT:BINARY_FIXED_0_1"
17_InternetAds,t100,133,zscore,1131,0.00000000,0.50008953,"NONRELEVANT:BINARY_FIXED_0_1"
17_InternetAds,t100,133,zscore,1133,0.00000000,0.50008953,"NONRELEVANT:BINARY_FIXED_0_1"
17_InternetAds,t100,133,zscore,1134,0.00000000,0.50008953,"NONRELEVANT:BINARY_FIXED_0_1"
17_InternetAds,t100,133,zscore,1135,0.00000000,0.50008953,"NONRELEVANT:BINARY_FIXED_0_1"
17_InternetAds,t100,133,zscore,1136,0.00000000,0.50008953,"NONRELEVANT:BINARY_FIXED_0_1"
17_InternetAds,t100,133,zscore,1140,0.00000000,0.50008953,"NONRELEVANT:BINARY_FIXED_0_1"
17_InternetAds,t100,133,zscore,1141,0.00000000,0.50008953,"NONRELEVANT:BINARY_FIXED_0_1"
17_InternetAds,t100,133,zscore,1142,0.00000000,0.50008953,"NONRELEVANT:BINARY_FIXED_0_1"
17_InternetAds,t100,133,zscore,1144,0.00000000,0.50008953,"NONRELEVANT:BINARY_FIXED_0_1"
17_InternetAds,t100,133,zscore,1145,0.00000000,0.50008953,"NONRELEVANT:BINARY_FIXED_0_1"
17_InternetAds,t100,133,zscore,1147,0.00000000,0.50008953,"NONRELEVANT:BINARY_FIXED_0_1"
17_InternetAds,t100,133,zscore,1148,0.00000000,0.50008953,"NONRELEVANT:BINARY_FIXED_0_1"
17_InternetAds,t100,133,zscore,1149,0.00000000,0.50008953,"NONRELEVANT:BINARY_FIXED_0_1"
17_InternetAds,t100,133,zscore,1150,0.00000000,0.50008953,"NONRELEVANT:BINARY_FIXED_0_1"
17_InternetAds,t100,133,zscore,1151,0.00000000,0.50008953,"NONRELEVANT:BINARY_FIXED_0_1"
17_InternetAds,t100,133,zscore,1152,0.00000000,0.50008953,"NONRELEVANT:BINARY_FIXED_0_1"
17_InternetAds,t100,133,zscore,1153,0.00000000,0.50008953,"NONRELEVANT:BINARY_FIXED_0_1"
17_InternetAds,t100,133,zscore,1155,0.00000000,0.50008953,"NONRELEVANT:BINARY_FIXED_0_1"
17_InternetAds,t100,133,zscore,1156,0.00000000,0.50008953,"NONRELEVANT:BINARY_FIXED_0_1"
17_InternetAds,t100,133,zscore,1157,0.00000000,0.50008953,"NONRELEVANT:BINARY_FIXED_0_1"
17_InternetAds,t100,133,zscore,1158,0.00000000,0.50008953,"NONRELEVANT:BINARY_FIXED_0_1"
17_InternetAds,t100,133,zscore,1159,0.00000000,0.50008953,"NONRELEVANT:BINARY_FIXED_0_1"
17_InternetAds,t100,133,zscore,1160,0.00000000,0.50008953,"NONRELEVANT:BINARY_FIXED_0_1"
17_InternetAds,t100,133,zscore,1163,0.00000000,0.50008953,"NONRELEVANT:BINARY_FIXED_0_1"
17_InternetAds,t100,133,zscore,1164,0.00000000,0.50008953,"NONRELEVANT:BINARY_FIXED_0_1"
17_InternetAds,t100,133,zscore,1165,0.00000000,0.50008953,"NONRELEVANT:BINARY_FIXED_0_1"
17_InternetAds,t100,133,zscore,1167,0.00000000,0.50008953,"NONRELEVANT:BINARY_FIXED_0_1"
17_InternetAds,t100,133,zscore,1168,0.00000000,0.50008953,"NONRELEVANT:BINARY_FIXED_0_1"
17_InternetAds,t100,133,zscore,1169,0.00000000,0.50008953,"NONRELEVANT:BINARY_FIXED_0_1"
17_InternetAds,t100,133,zscore,1170,0.00000000,0.50008953,"NONRELEVANT:BINARY_FIXED_0_1"
17_InternetAds,t100,133,zscore,1172,0.00000000,0.50008953,"NONRELEVANT:BINARY_FIXED_0_1"
17_InternetAds,t100,133,zscore,1173,0.00000000,0.50008953,"NONRELEVANT:BINARY_FIXED_0_1"
17_InternetAds,t100,133,zscore,1176,0.00000000,0.50008953,"NONRELEVANT:BINARY_FIXED_0_1"
17_InternetAds,t100,133,zscore,1177,0.00000000,0.50008953,"NONRELEVANT:BINARY_FIXED_0_1"
17_InternetAds,t100,133,zscore,1178,0.00000000,0.50008953,"NONRELEVANT:BINARY_FIXED_0_1"
17_InternetAds,t100,133,zscore,1179,0.00000000,0.50008953,"NONRELEVANT:BINARY_FIXED_0_1"
17_InternetAds,t100,133,zscore,1180,0.00000000,0.50008953,"NONRELEVANT:BINARY_FIXED_0_1"
17_InternetAds,t100,133,zscore,1181,0.00000000,0.50008953,"NONRELEVANT:BINARY_FIXED_0_1"
17_InternetAds,t100,133,zscore,1183,0.00000000,0.50008953,"NONRELEVANT:BINARY_FIXED_0_1"
17_InternetAds,t100,133,zscore,1184,0.00000000,0.50008953,"NONRELEVANT:BINARY_FIXED_0_1"
17_InternetAds,t100,133,zscore,1186,0.00000000,0.50008953,"NONRELEVANT:BINARY_FIXED_0_1"
17_InternetAds,t100,133,zscore,1188,0.00000000,0.50008953,"NONRELEVANT:BINARY_FIXED_0_1"
17_InternetAds,t100,133,zscore,1189,0.00000000,0.50008953,"NONRELEVANT:BINARY_FIXED_0_1"
17_InternetAds,t100,133,zscore,1190,0.00000000,0.50008953,"NONRELEVANT:BINARY_FIXED_0_1"
17_InternetAds,t100,133,zscore,1191,0.00000000,0.50008953,"NONRELEVANT:BINARY_FIXED_0_1"
17_InternetAds,t100,133,zscore,1192,0.00000000,0.50008953,"NONRELEVANT:BINARY_FIXED_0_1"
17_InternetAds,t100,133,zscore,1193,0.00000000,0.50008953,"NONRELEVANT:BINARY_FIXED_0_1"
17_InternetAds,t100,133,zscore,1194,0.00000000,0.50008953,"NONRELEVANT:BINARY_FIXED_0_1"
17_InternetAds,t100,133,zscore,1195,0.00000000,0.50008953,"NONRELEVANT:BINARY_FIXED_0_1"
17_InternetAds,t100,133,zscore,1196,0.00000000,0.50008953,"NONRELEVANT:BINARY_FIXED_0_1"
17_InternetAds,t100,133,zscore,1199,0.00000000,0.50008953,"NONRELEVANT:BINARY_FIXED_0_1"
17_InternetAds,t100,133,zscore,1202,0.00000000,0.50008953,"NONRELEVANT:BINARY_FIXED_0_1"
17_InternetAds,t100,133,zscore,1203,0.00000000,0.50008953,"NONRELEVANT:BINARY_FIXED_0_1"
17_InternetAds,t100,133,zscore,1204,0.00000000,0.50008953,"NONRELEVANT:BINARY_FIXED_0_1"
17_InternetAds,t100,133,zscore,1206,0.00000000,0.50008953,"NONRELEVANT:BINARY_FIXED_0_1"
17_InternetAds,t100,133,zscore,1207,0.00000000,0.50008953,"NONRELEVANT:BINARY_FIXED_0_1"
17_InternetAds,t100,133,zscore,1208,0.00000000,0.50008953,"NONRELEVANT:BINARY_FIXED_0_1"
17_InternetAds,t100,133,zscore,1209,0.00000000,0.50008953,"NONRELEVANT:BINARY_FIXED_0_1"
17_InternetAds,t100,133,zscore,1210,0.00000000,0.50008953,"NONRELEVANT:BINARY_FIXED_0_1"
17_InternetAds,t100,133,zscore,1211,0.00000000,0.50008953,"NONRELEVANT:BINARY_FIXED_0_1"
17_InternetAds,t100,133,zscore,1212,0.00000000,0.50008953,"NONRELEVANT:BINARY_FIXED_0_1"
17_InternetAds,t100,133,zscore,1213,0.00000000,0.50008953,"NONRELEVANT:BINARY_FIXED_0_1"
17_InternetAds,t100,133,zscore,1214,0.00000000,0.50008953,"NONRELEVANT:BINARY_FIXED_0_1"
17_InternetAds,t100,133,zscore,1215,0.00000000,0.50008953,"NONRELEVANT:BINARY_FIXED_0_1"
17_InternetAds,t100,133,zscore,1218,0.00000000,0.50008953,"NONRELEVANT:BINARY_FIXED_0_1"
17_InternetAds,t100,133,zscore,1220,0.00000000,0.50008953,"NONRELEVANT:BINARY_FIXED_0_1"
17_InternetAds,t100,133,zscore,1221,0.00000000,0.50008953,"NONRELEVANT:BINARY_FIXED_0_1"
17_InternetAds,t100,133,zscore,1222,0.00000000,0.50008953,"NONRELEVANT:BINARY_FIXED_0_1"
17_InternetAds,t100,133,zscore,1223,0.00000000,0.50008953,"NONRELEVANT:BINARY_FIXED_0_1"
17_InternetAds,t100,133,zscore,1225,0.00000000,0.50008953,"NONRELEVANT:BINARY_FIXED_0_1"
17_InternetAds,t100,133,zscore,1226,0.00000000,0.50008953,"NONRELEVANT:BINARY_FIXED_0_1"
17_InternetAds,t100,133,zscore,1227,0.00000000,0.50008953,"NONRELEVANT:BINARY_FIXED_0_1"
17_InternetAds,t100,133,zscore,1228,0.00000000,0.50008953,"NONRELEVANT:BINARY_FIXED_0_1"
17_InternetAds,t100,133,zscore,1230,0.00000000,0.50008953,"NONRELEVANT:BINARY_FIXED_0_1"
17_InternetAds,t100,133,zscore,1234,0.00000000,0.50008953,"NONRELEVANT:BINARY_FIXED_0_1"
17_InternetAds,t100,133,zscore,1235,0.00000000,0.50008953,"NONRELEVANT:BINARY_FIXED_0_1"
17_InternetAds,t100,133,zscore,1236,0.00000000,0.50008953,"NONRELEVANT:BINARY_FIXED_0_1"
17_InternetAds,t100,133,zscore,1237,0.00000000,0.50008953,"NONRELEVANT:BINARY_FIXED_0_1"
17_InternetAds,t100,133,zscore,1238,0.00000000,0.50008953,"NONRELEVANT:BINARY_FIXED_0_1"
17_InternetAds,t100,133,zscore,1239,0.00000000,0.50008953,"NONRELEVANT:BINARY_FIXED_0_1"
17_InternetAds,t100,133,zscore,1240,0.00000000,0.50008953,"NONRELEVANT:BINARY_FIXED_0_1"
17_InternetAds,t100,133,zscore,1241,0.00000000,0.50008953,"NONRELEVANT:BINARY_FIXED_0_1"
17_InternetAds,t100,133,zscore,1242,0.00000000,0.50008953,"NONRELEVANT:BINARY_FIXED_0_1"
17_InternetAds,t100,133,zscore,1243,0.00000000,0.50008953,"NONRELEVANT:BINARY_FIXED_0_1"
17_InternetAds,t100,133,zscore,1245,0.00000000,0.50008953,"NONRELEVANT:BINARY_FIXED_0_1"
17_InternetAds,t100,133,zscore,1247,0.00000000,0.50008953,"NONRELEVANT:BINARY_FIXED_0_1"
17_InternetAds,t100,133,zscore,1248,0.00000000,0.50008953,"NONRELEVANT:BINARY_FIXED_0_1"
17_InternetAds,t100,133,zscore,1249,0.00000000,0.50008953,"NONRELEVANT:BINARY_FIXED_0_1"
17_InternetAds,t100,133,zscore,1250,0.00000000,0.50008953,"NONRELEVANT:BINARY_FIXED_0_1"
17_InternetAds,t100,133,zscore,1251,0.00000000,0.50008953,"NONRELEVANT:BINARY_FIXED_0_1"
17_InternetAds,t100,133,zscore,1252,0.00000000,0.50008953,"NONRELEVANT:BINARY_FIXED_0_1"
17_InternetAds,t100,133,zscore,1253,0.00000000,0.50008953,"NONRELEVANT:BINARY_FIXED_0_1"
17_InternetAds,t100,133,zscore,1256,0.00000000,0.50008953,"NONRELEVANT:BINARY_FIXED_0_1"
17_InternetAds,t100,133,zscore,1258,0.00000000,0.50008953,"NONRELEVANT:BINARY_FIXED_0_1"
17_InternetAds,t100,133,zscore,1259,0.00000000,0.50008953,"NONRELEVANT:BINARY_FIXED_0_1"
17_InternetAds,t100,133,zscore,1260,0.00000000,0.50008953,"NONRELEVANT:BINARY_FIXED_0_1"
17_InternetAds,t100,133,zscore,1261,0.00000000,0.50008953,"NONRELEVANT:BINARY_FIXED_0_1"
17_InternetAds,t100,133,zscore,1264,0.00000000,0.50008953,"NONRELEVANT:BINARY_FIXED_0_1"
17_InternetAds,t100,133,zscore,1265,0.00000000,0.50008953,"NONRELEVANT:BINARY_FIXED_0_1"
17_InternetAds,t100,133,zscore,1266,0.00000000,0.50008953,"NONRELEVANT:BINARY_FIXED_0_1"
17_InternetAds,t100,133,zscore,1269,0.00000000,0.50008953,"NONRELEVANT:BINARY_FIXED_0_1"
17_InternetAds,t100,133,zscore,1270,0.00000000,0.50008953,"NONRELEVANT:BINARY_FIXED_0_1"
17_InternetAds,t100,133,zscore,1271,0.00000000,0.50008953,"NONRELEVANT:BINARY_FIXED_0_1"
17_InternetAds,t100,133,zscore,1272,0.00000000,0.50008953,"NONRELEVANT:BINARY_FIXED_0_1"
17_InternetAds,t100,133,zscore,1274,0.00000000,0.50008953,"NONRELEVANT:BINARY_FIXED_0_1"
17_InternetAds,t100,133,zscore,1275,0.00000000,0.50008953,"NONRELEVANT:BINARY_FIXED_0_1"
17_InternetAds,t100,133,zscore,1276,0.00000000,0.50008953,"NONRELEVANT:BINARY_FIXED_0_1"
17_InternetAds,t100,133,zscore,1277,0.00000000,0.50008953,"NONRELEVANT:BINARY_FIXED_0_1"
17_InternetAds,t100,133,zscore,1278,0.00000000,0.50008953,"NONRELEVANT:BINARY_FIXED_0_1"
17_InternetAds,t100,133,zscore,1279,0.00000000,0.50008953,"NONRELEVANT:BINARY_FIXED_0_1"
17_InternetAds,t100,133,zscore,1282,0.00000000,0.50008953,"NONRELEVANT:BINARY_FIXED_0_1"
17_InternetAds,t100,133,zscore,1283,0.00000000,0.50008953,"NONRELEVANT:BINARY_FIXED_0_1"
17_InternetAds,t100,133,zscore,1284,0.00000000,0.50008953,"NONRELEVANT:BINARY_FIXED_0_1"
17_InternetAds,t100,133,zscore,1286,0.00000000,0.50008953,"NONRELEVANT:BINARY_FIXED_0_1"
17_InternetAds,t100,133,zscore,1287,0.00000000,0.50008953,"NONRELEVANT:BINARY_FIXED_0_1"
17_InternetAds,t100,133,zscore,1288,0.00000000,0.50008953,"NONRELEVANT:BINARY_FIXED_0_1"
17_InternetAds,t100,133,zscore,1289,0.00000000,0.50008953,"NONRELEVANT:BINARY_FIXED_0_1"
17_InternetAds,t100,133,zscore,1292,0.00000000,0.50008953,"NONRELEVANT:BINARY_FIXED_0_1"
17_InternetAds,t100,133,zscore,1294,0.00000000,0.50008953,"NONRELEVANT:BINARY_FIXED_0_1"
17_InternetAds,t100,133,zscore,1295,0.00000000,0.50008953,"NONRELEVANT:BINARY_FIXED_0_1"
17_InternetAds,t100,133,zscore,1296,0.00000000,0.50008953,"NONRELEVANT:BINARY_FIXED_0_1"
17_InternetAds,t100,133,zscore,1297,0.00000000,0.50008953,"NONRELEVANT:BINARY_FIXED_0_1"
17_InternetAds,t100,133,zscore,1298,0.00000000,0.50008953,"NONRELEVANT:BINARY_FIXED_0_1"
17_InternetAds,t100,133,zscore,1300,0.00000000,0.50008953,"NONRELEVANT:BINARY_FIXED_0_1"
17_InternetAds,t100,133,zscore,1301,0.00000000,0.50008953,"NONRELEVANT:BINARY_FIXED_0_1"
17_InternetAds,t100,133,zscore,1302,0.00000000,0.50008953,"NONRELEVANT:BINARY_FIXED_0_1"
17_InternetAds,t100,133,zscore,1303,0.00000000,0.50008953,"NONRELEVANT:BINARY_FIXED_0_1"
17_InternetAds,t100,133,zscore,1304,0.00000000,0.50008953,"NONRELEVANT:BINARY_FIXED_0_1"
17_InternetAds,t100,133,zscore,1305,0.00000000,0.50008953,"NONRELEVANT:BINARY_FIXED_0_1"
17_InternetAds,t100,133,zscore,1307,0.00000000,0.50008953,"NONRELEVANT:BINARY_FIXED_0_1"
17_InternetAds,t100,133,zscore,1310,0.00000000,0.50008953,"NONRELEVANT:BINARY_FIXED_0_1"
17_InternetAds,t100,133,zscore,1311,0.00000000,0.50008953,"NONRELEVANT:BINARY_FIXED_0_1"
17_InternetAds,t100,133,zscore,1312,0.00000000,0.50008953,"NONRELEVANT:BINARY_FIXED_0_1"
17_InternetAds,t100,133,zscore,1313,0.00000000,0.50008953,"NONRELEVANT:BINARY_FIXED_0_1"
17_InternetAds,t100,133,zscore,1316,0.00000000,0.50008953,"NONRELEVANT:BINARY_FIXED_0_1"
17_InternetAds,t100,133,zscore,1317,0.00000000,0.50008953,"NONRELEVANT:BINARY_FIXED_0_1"
17_InternetAds,t100,133,zscore,1319,0.00000000,0.50008953,"NONRELEVANT:BINARY_FIXED_0_1"
17_InternetAds,t100,133,zscore,1320,0.00000000,0.50008953,"NONRELEVANT:BINARY_FIXED_0_1"
17_InternetAds,t100,133,zscore,1321,0.00000000,0.50008953,"NONRELEVANT:BINARY_FIXED_0_1"
17_InternetAds,t100,133,zscore,1322,0.00000000,0.50008953,"NONRELEVANT:BINARY_FIXED_0_1"
17_InternetAds,t100,133,zscore,1325,0.00000000,0.50008953,"NONRELEVANT:BINARY_FIXED_0_1"
17_InternetAds,t100,133,zscore,1326,0.00000000,0.50008953,"NONRELEVANT:BINARY_FIXED_0_1"
17_InternetAds,t100,133,zscore,1328,0.00000000,0.50008953,"NONRELEVANT:BINARY_FIXED_0_1"
17_InternetAds,t100,133,zscore,1330,0.00000000,0.50008953,"NONRELEVANT:BINARY_FIXED_0_1"
17_InternetAds,t100,133,zscore,1331,0.00000000,0.50008953,"NONRELEVANT:BINARY_FIXED_0_1"
17_InternetAds,t100,133,zscore,1332,0.00000000,0.50008953,"NONRELEVANT:BINARY_FIXED_0_1"
17_InternetAds,t100,133,zscore,1333,0.00000000,0.50008953,"NONRELEVANT:BINARY_FIXED_0_1"
17_InternetAds,t100,133,zscore,1337,0.00000000,0.50008953,"NONRELEVANT:BINARY_FIXED_0_1"
17_InternetAds,t100,133,zscore,1338,0.00000000,0.50008953,"NONRELEVANT:BINARY_FIXED_0_1"
17_InternetAds,t100,133,zscore,1340,0.00000000,0.50008953,"NONRELEVANT:BINARY_FIXED_0_1"
17_InternetAds,t100,133,zscore,1341,0.00000000,0.50008953,"NONRELEVANT:BINARY_FIXED_0_1"
17_InternetAds,t100,133,zscore,1344,0.00000000,0.50008953,"NONRELEVANT:BINARY_FIXED_0_1"
17_InternetAds,t100,133,zscore,1346,0.00000000,0.50008953,"NONRELEVANT:BINARY_FIXED_0_1"
17_InternetAds,t100,133,zscore,1347,0.00000000,0.50008953,"NONRELEVANT:BINARY_FIXED_0_1"
17_InternetAds,t100,133,zscore,1348,0.00000000,0.50008953,"NONRELEVANT:BINARY_FIXED_0_1"
17_InternetAds,t100,133,zscore,1349,0.00000000,0.50008953,"NONRELEVANT:BINARY_FIXED_0_1"
17_InternetAds,t100,133,zscore,1350,0.00000000,0.50008953,"NONRELEVANT:BINARY_FIXED_0_1"
17_InternetAds,t100,133,zscore,1351,0.00000000,0.50008953,"NONRELEVANT:BINARY_FIXED_0_1"
17_InternetAds,t100,133,zscore,1353,0.00000000,0.50008953,"NONRELEVANT:BINARY_FIXED_0_1"
17_InternetAds,t100,133,zscore,1355,0.00000000,0.50008953,"NONRELEVANT:BINARY_FIXED_0_1"
17_InternetAds,t100,133,zscore,1357,0.00000000,0.50008953,"NONRELEVANT:BINARY_FIXED_0_1"
17_InternetAds,t100,133,zscore,1359,0.00000000,0.50008953,"NONRELEVANT:BINARY_FIXED_0_1"
17_InternetAds,t100,133,zscore,1360,0.00000000,0.50008953,"NONRELEVANT:BINARY_FIXED_0_1"
17_InternetAds,t100,133,zscore,1361,0.00000000,0.50008953,"NONRELEVANT:BINARY_FIXED_0_1"
17_InternetAds,t100,133,zscore,1363,0.00000000,0.50008953,"NONRELEVANT:BINARY_FIXED_0_1"
17_InternetAds,t100,133,zscore,1364,0.00000000,0.50008953,"NONRELEVANT:BINARY_FIXED_0_1"
17_InternetAds,t100,133,zscore,1366,0.00000000,0.50008953,"NONRELEVANT:BINARY_FIXED_0_1"
17_InternetAds,t100,133,zscore,1367,0.00000000,0.50008953,"NONRELEVANT:BINARY_FIXED_0_1"
17_InternetAds,t100,133,zscore,1368,0.00000000,0.50008953,"NONRELEVANT:BINARY_FIXED_0_1"
17_InternetAds,t100,133,zscore,1369,0.00000000,0.50008953,"NONRELEVANT:BINARY_FIXED_0_1"
17_InternetAds,t100,133,zscore,1370,0.00000000,0.50008953,"NONRELEVANT:BINARY_FIXED_0_1"
17_InternetAds,t100,133,zscore,1371,0.00000000,0.50008953,"NONRELEVANT:BINARY_FIXED_0_1"
17_InternetAds,t100,133,zscore,1372,0.00000000,0.50008953,"NONRELEVANT:BINARY_FIXED_0_1"
17_InternetAds,t100,133,zscore,1374,0.00000000,0.50008953,"NONRELEVANT:BINARY_FIXED_0_1"
17_InternetAds,t100,133,zscore,1375,0.00000000,0.50008953,"NONRELEVANT:BINARY_FIXED_0_1"
17_InternetAds,t100,133,zscore,1376,0.00000000,0.50008953,"NONRELEVANT:BINARY_FIXED_0_1"
17_InternetAds,t100,133,zscore,1377,0.00000000,0.50008953,"NONRELEVANT:BINARY_FIXED_0_1"
17_InternetAds,t100,133,zscore,1378,0.00000000,0.50008953,"NONRELEVANT:BINARY_FIXED_0_1"
17_InternetAds,t100,133,zscore,1379,0.00000000,0.50008953,"NONRELEVANT:BINARY_FIXED_0_1"
17_InternetAds,t100,133,zscore,1381,0.00000000,0.50008953,"NONRELEVANT:BINARY_FIXED_0_1"
17_InternetAds,t100,133,zscore,1383,0.00000000,0.50008953,"NONRELEVANT:BINARY_FIXED_0_1"
17_InternetAds,t100,133,zscore,1384,0.00000000,0.50008953,"NONRELEVANT:BINARY_FIXED_0_1"
17_InternetAds,t100,133,zscore,1385,0.00000000,0.50008953,"NONRELEVANT:BINARY_FIXED_0_1"
17_InternetAds,t100,133,zscore,1386,0.00000000,0.50008953,"NONRELEVANT:BINARY_FIXED_0_1"
17_InternetAds,t100,133,zscore,1387,0.00000000,0.50008953,"NONRELEVANT:BINARY_FIXED_0_1"
17_InternetAds,t100,133,zscore,1391,0.00000000,0.50008953,"NONRELEVANT:BINARY_FIXED_0_1"
17_InternetAds,t100,133,zscore,1393,0.00000000,0.50008953,"NONRELEVANT:BINARY_FIXED_0_1"
17_InternetAds,t100,133,zscore,1394,0.00000000,0.50008953,"NONRELEVANT:BINARY_FIXED_0_1"
17_InternetAds,t100,133,zscore,1396,0.00000000,0.50008953,"NONRELEVANT:BINARY_FIXED_0_1"
17_InternetAds,t100,133,zscore,1398,0.00000000,0.50008953,"NONRELEVANT:BINARY_FIXED_0_1"
17_InternetAds,t100,133,zscore,1400,0.00000000,0.50008953,"NONRELEVANT:BINARY_FIXED_0_1"
17_InternetAds,t100,133,zscore,1402,0.00000000,0.50008953,"NONRELEVANT:BINARY_FIXED_0_1"
17_InternetAds,t100,133,zscore,1403,0.00000000,0.50008953,"NONRELEVANT:BINARY_FIXED_0_1"
17_InternetAds,t100,133,zscore,1404,0.00000000,0.50008953,"NONRELEVANT:BINARY_FIXED_0_1"
17_InternetAds,t100,133,zscore,1406,0.00000000,0.50008953,"NONRELEVANT:BINARY_FIXED_0_1"
17_InternetAds,t100,133,zscore,1409,0.00000000,0.50008953,"NONRELEVANT:BINARY_FIXED_0_1"
17_InternetAds,t100,133,zscore,1411,0.00000000,0.50008953,"NONRELEVANT:BINARY_FIXED_0_1"
17_InternetAds,t100,133,zscore,1412,0.00000000,0.50008953,"NONRELEVANT:BINARY_FIXED_0_1"
17_InternetAds,t100,133,zscore,1413,0.00000000,0.50008953,"NONRELEVANT:BINARY_FIXED_0_1"
17_InternetAds,t100,133,zscore,1414,0.00000000,0.50008953,"NONRELEVANT:BINARY_FIXED_0_1"
17_InternetAds,t100,133,zscore,1415,0.00000000,0.50008953,"NONRELEVANT:BINARY_FIXED_0_1"
17_InternetAds,t100,133,zscore,1416,0.00000000,0.50008953,"NONRELEVANT:BINARY_FIXED_0_1"
17_InternetAds,t100,133,zscore,1417,0.00000000,0.50008953,"NONRELEVANT:BINARY_FIXED_0_1"
17_InternetAds,t100,133,zscore,1418,0.00000000,0.50008953,"NONRELEVANT:BINARY_FIXED_0_1"
17_InternetAds,t100,133,zscore,1419,0.00000000,0.50008953,"NONRELEVANT:BINARY_FIXED_0_1"
17_InternetAds,t100,133,zscore,1421,0.00000000,0.50008953,"NONRELEVANT:BINARY_FIXED_0_1"
17_InternetAds,t100,133,zscore,1422,0.00000000,0.50008953,"NONRELEVANT:BINARY_FIXED_0_1"
17_InternetAds,t100,133,zscore,1423,0.00000000,0.50008953,"NONRELEVANT:BINARY_FIXED_0_1"
17_InternetAds,t100,133,zscore,1425,0.00000000,0.50008953,"NONRELEVANT:BINARY_FIXED_0_1"
17_InternetAds,t100,133,zscore,1426,0.00000000,0.50008953,"NONRELEVANT:BINARY_FIXED_0_1"
17_InternetAds,t100,133,zscore,1427,0.00000000,0.50008953,"NONRELEVANT:BINARY_FIXED_0_1"
17_InternetAds,t100,133,zscore,1428,0.00000000,0.50008953,"NONRELEVANT:BINARY_FIXED_0_1"
17_InternetAds,t100,133,zscore,1429,0.00000000,0.50008953,"NONRELEVANT:BINARY_FIXED_0_1"
17_InternetAds,t100,133,zscore,1430,0.00000000,0.50008953,"NONRELEVANT:BINARY_FIXED_0_1"
17_InternetAds,t100,133,zscore,1431,0.00000000,0.50008953,"NONRELEVANT:BINARY_FIXED_0_1"
17_InternetAds,t100,133,zscore,1432,0.00000000,0.50008953,"NONRELEVANT:BINARY_FIXED_0_1"
17_InternetAds,t100,133,zscore,1433,0.00000000,0.50008953,"NONRELEVANT:BINARY_FIXED_0_1"
17_InternetAds,t100,133,zscore,1434,0.00000000,0.50008953,"NONRELEVANT:BINARY_FIXED_0_1"
17_InternetAds,t100,133,zscore,1435,0.00000000,0.50008953,"NONRELEVANT:BINARY_FIXED_0_1"
17_InternetAds,t100,133,zscore,1436,0.00000000,0.50008953,"NONRELEVANT:BINARY_FIXED_0_1"
17_InternetAds,t100,133,zscore,1437,0.00000000,0.50008953,"NONRELEVANT:BINARY_FIXED_0_1"
17_InternetAds,t100,133,zscore,1438,0.00000000,0.50008953,"NONRELEVANT:BINARY_FIXED_0_1"
17_InternetAds,t100,133,zscore,1439,0.00000000,0.50008953,"NONRELEVANT:BINARY_FIXED_0_1"
17_InternetAds,t100,133,zscore,1440,0.00000000,0.50008953,"NONRELEVANT:BINARY_FIXED_0_1"
17_InternetAds,t100,133,zscore,1441,0.00000000,0.50008953,"NONRELEVANT:BINARY_FIXED_0_1"
17_InternetAds,t100,133,zscore,1443,0.00000000,0.50008953,"NONRELEVANT:BINARY_FIXED_0_1"
17_InternetAds,t100,133,zscore,1444,0.00000000,0.50008953,"NONRELEVANT:BINARY_FIXED_0_1"
17_InternetAds,t100,133,zscore,1445,0.00000000,0.50008953,"NONRELEVANT:BINARY_FIXED_0_1"
17_InternetAds,t100,133,zscore,1446,0.00000000,0.50008953,"NONRELEVANT:BINARY_FIXED_0_1"
17_InternetAds,t100,133,zscore,1447,0.00000000,0.50008953,"NONRELEVANT:BINARY_FIXED_0_1"
17_InternetAds,t100,133,zscore,1448,0.00000000,0.50008953,"NONRELEVANT:BINARY_FIXED_0_1"
17_InternetAds,t100,133,zscore,1449,0.00000000,0.50008953,"NONRELEVANT:BINARY_FIXED_0_1"
17_InternetAds,t100,133,zscore,1450,0.00000000,0.50008953,"NONRELEVANT:BINARY_FIXED_0_1"
17_InternetAds,t100,133,zscore,1451,0.00000000,0.50008953,"NONRELEVANT:BINARY_FIXED_0_1"
17_InternetAds,t100,133,zscore,1452,0.00000000,0.50008953,"NONRELEVANT:BINARY_FIXED_0_1"
17_InternetAds,t100,133,zscore,1453,0.00000000,0.50008953,"NONRELEVANT:BINARY_FIXED_0_1"
17_InternetAds,t100,133,zscore,1454,0.00000000,0.50008953,"NONRELEVANT:BINARY_FIXED_0_1"
17_InternetAds,t100,133,zscore,1455,0.00000000,0.50008953,"NONRELEVANT:BINARY_FIXED_0_1"
17_InternetAds,t100,133,zscore,1456,0.00000000,0.50008953,"NONRELEVANT:BINARY_FIXED_0_1"
17_InternetAds,t100,133,zscore,1457,0.00000000,0.50008953,"NONRELEVANT:BINARY_FIXED_0_1"
17_InternetAds,t100,133,zscore,1458,0.00000000,0.50008953,"NONRELEVANT:BINARY_FIXED_0_1"
17_InternetAds,t100,133,zscore,1459,0.00000000,0.50008953,"NONRELEVANT:BINARY_FIXED_0_1"
17_InternetAds,t100,133,zscore,1460,0.00000000,0.50008953,"NONRELEVANT:BINARY_FIXED_0_1"
17_InternetAds,t100,133,zscore,1461,0.00000000,0.50008953,"NONRELEVANT:BINARY_FIXED_0_1"
17_InternetAds,t100,133,zscore,1462,0.00000000,0.50008953,"NONRELEVANT:BINARY_FIXED_0_1"
17_InternetAds,t100,133,zscore,1463,0.00000000,0.50008953,"NONRELEVANT:BINARY_FIXED_0_1"
17_InternetAds,t100,133,zscore,1464,0.00000000,0.50008953,"NONRELEVANT:BINARY_FIXED_0_1"
17_InternetAds,t100,133,zscore,1465,0.00000000,0.50008953,"NONRELEVANT:BINARY_FIXED_0_1"
17_InternetAds,t100,133,zscore,1466,0.00000000,0.50008953,"NONRELEVANT:BINARY_FIXED_0_1"
17_InternetAds,t100,133,zscore,1467,0.00000000,0.50008953,"NONRELEVANT:BINARY_FIXED_0_1"
17_InternetAds,t100,133,zscore,1468,0.00000000,0.50008953,"NONRELEVANT:BINARY_FIXED_0_1"
17_InternetAds,t100,133,zscore,1469,0.00000000,0.50008953,"NONRELEVANT:BINARY_FIXED_0_1"
17_InternetAds,t100,133,zscore,1470,0.00000000,0.50008953,"NONRELEVANT:BINARY_FIXED_0_1"
17_InternetAds,t100,133,zscore,1471,0.00000000,0.50008953,"NONRELEVANT:BINARY_FIXED_0_1"
17_InternetAds,t100,133,zscore,1472,0.00000000,0.50008953,"NONRELEVANT:BINARY_FIXED_0_1"
17_InternetAds,t100,133,zscore,1473,0.00000000,0.50008953,"NONRELEVANT:BINARY_FIXED_0_1"
17_InternetAds,t100,133,zscore,1474,0.00000000,0.50008953,"NONRELEVANT:BINARY_FIXED_0_1"
17_InternetAds,t100,133,zscore,1475,0.00000000,0.50008953,"NONRELEVANT:BINARY_FIXED_0_1"
17_InternetAds,t100,133,zscore,1476,0.00000000,0.50008953,"NONRELEVANT:BINARY_FIXED_0_1"
17_InternetAds,t100,133,zscore,1477,0.00000000,0.50008953,"NONRELEVANT:BINARY_FIXED_0_1"
17_InternetAds,t100,133,zscore,1478,0.00000000,0.50008953,"NONRELEVANT:BINARY_FIXED_0_1"
17_InternetAds,t100,133,zscore,1479,0.00000000,0.50008953,"NONRELEVANT:BINARY_FIXED_0_1"
17_InternetAds,t100,133,zscore,1480,0.00000000,0.50008953,"NONRELEVANT:BINARY_FIXED_0_1"
17_InternetAds,t100,133,zscore,1481,0.00000000,0.50008953,"NONRELEVANT:BINARY_FIXED_0_1"
17_InternetAds,t100,133,zscore,1482,0.00000000,0.50008953,"NONRELEVANT:BINARY_FIXED_0_1"
17_InternetAds,t100,133,zscore,1483,0.00000000,0.50008953,"NONRELEVANT:BINARY_FIXED_0_1"
17_InternetAds,t100,133,zscore,1484,0.00000000,0.50008953,"NONRELEVANT:BINARY_FIXED_0_1"
17_InternetAds,t100,133,zscore,1485,0.00000000,0.50008953,"NONRELEVANT:BINARY_FIXED_0_1"
17_InternetAds,t100,133,zscore,1486,0.00000000,0.50008953,"NONRELEVANT:BINARY_FIXED_0_1"
17_InternetAds,t100,133,zscore,1487,0.00000000,0.50008953,"NONRELEVANT:BINARY_FIXED_0_1"
17_InternetAds,t100,133,zscore,1488,0.00000000,0.50008953,"NONRELEVANT:BINARY_FIXED_0_1"
17_InternetAds,t100,133,zscore,1489,0.00000000,0.50008953,"NONRELEVANT:BINARY_FIXED_0_1"
17_InternetAds,t100,133,zscore,1490,0.00000000,0.50008953,"NONRELEVANT:BINARY_FIXED_0_1"
17_InternetAds,t100,133,zscore,1491,0.00000000,0.50008953,"NONRELEVANT:BINARY_FIXED_0_1"
17_InternetAds,t100,133,zscore,1492,0.00000000,0.50008953,"NONRELEVANT:BINARY_FIXED_0_1"
17_InternetAds,t100,133,zscore,1493,0.00000000,0.50008953,"NONRELEVANT:BINARY_FIXED_0_1"
17_InternetAds,t100,133,zscore,1494,0.00000000,0.50008953,"NONRELEVANT:BINARY_FIXED_0_1"
17_InternetAds,t100,133,zscore,1495,0.00000000,0.50008953,"NONRELEVANT:BINARY_FIXED_0_1"
17_InternetAds,t100,133,zscore,1496,0.00000000,0.50008953,"NONRELEVANT:BINARY_FIXED_0_1"
17_InternetAds,t100,133,zscore,1497,0.00000000,0.50008953,"NONRELEVANT:BINARY_FIXED_0_1"
17_InternetAds,t100,133,zscore,1498,0.00000000,0.50008953,"NONRELEVANT:BINARY_FIXED_0_1"
17_InternetAds,t100,133,zscore,1499,0.00000000,0.50008953,"NONRELEVANT:BINARY_FIXED_0_1"
17_InternetAds,t100,133,zscore,1500,0.00000000,0.50008953,"NONRELEVANT:BINARY_FIXED_0_1"
17_InternetAds,t100,133,zscore,1501,0.00000000,0.50008953,"NONRELEVANT:BINARY_FIXED_0_1"
17_InternetAds,t100,133,zscore,1502,0.00000000,0.50008953,"NONRELEVANT:BINARY_FIXED_0_1"
17_InternetAds,t100,133,zscore,1503,0.00000000,0.50008953,"NONRELEVANT:BINARY_FIXED_0_1"
17_InternetAds,t100,133,zscore,1504,0.00000000,0.50008953,"NONRELEVANT:BINARY_FIXED_0_1"
17_InternetAds,t100,133,zscore,1505,0.00000000,0.50008953,"NONRELEVANT:BINARY_FIXED_0_1"
17_InternetAds,t100,133,zscore,1506,0.00000000,0.50008953,"NONRELEVANT:BINARY_FIXED_0_1"
17_InternetAds,t100,133,zscore,1507,0.00000000,0.50008953,"NONRELEVANT:BINARY_FIXED_0_1"
17_InternetAds,t100,133,zscore,1508,0.00000000,0.50008953,"NONRELEVANT:BINARY_FIXED_0_1"
17_InternetAds,t100,133,zscore,1509,0.00000000,0.50008953,"NONRELEVANT:BINARY_FIXED_0_1"
17_InternetAds,t100,133,zscore,1510,0.00000000,0.50008953,"NONRELEVANT:BINARY_FIXED_0_1"
17_InternetAds,t100,133,zscore,1511,0.00000000,0.50008953,"NONRELEVANT:BINARY_FIXED_0_1"
17_InternetAds,t100,133,zscore,1512,0.00000000,0.50008953,"NONRELEVANT:BINARY_FIXED_0_1"
17_InternetAds,t100,133,zscore,1513,0.00000000,0.50008953,"NONRELEVANT:BINARY_FIXED_0_1"
17_InternetAds,t100,133,zscore,1514,0.00000000,0.50008953,"NONRELEVANT:BINARY_FIXED_0_1"
17_InternetAds,t100,133,zscore,1515,0.00000000,0.50008953,"NONRELEVANT:BINARY_FIXED_0_1"
17_InternetAds,t100,133,zscore,1516,0.00000000,0.50008953,"NONRELEVANT:BINARY_FIXED_0_1"
17_InternetAds,t100,133,zscore,1517,0.00000000,0.50008953,"NONRELEVANT:BINARY_FIXED_0_1"
17_InternetAds,t100,133,zscore,1518,0.00000000,0.50008953,"NONRELEVANT:BINARY_FIXED_0_1"
17_InternetAds,t100,133,zscore,1519,0.00000000,0.50008953,"NONRELEVANT:BINARY_FIXED_0_1"
17_InternetAds,t100,133,zscore,1520,0.00000000,0.50008953,"NONRELEVANT:BINARY_FIXED_0_1"
17_InternetAds,t100,133,zscore,1521,0.00000000,0.50008953,"NONRELEVANT:BINARY_FIXED_0_1"
17_InternetAds,t100,133,zscore,1522,0.00000000,0.50008953,"NONRELEVANT:BINARY_FIXED_0_1"
17_InternetAds,t100,133,zscore,1523,0.00000000,0.50008953,"NONRELEVANT:BINARY_FIXED_0_1"
17_InternetAds,t100,133,zscore,1524,0.00000000,0.50008953,"NONRELEVANT:BINARY_FIXED_0_1"
17_InternetAds,t100,133,zscore,1525,0.00000000,0.50008953,"NONRELEVANT:BINARY_FIXED_0_1"
17_InternetAds,t100,133,zscore,1526,0.00000000,0.50008953,"NONRELEVANT:BINARY_FIXED_0_1"
17_InternetAds,t100,133,zscore,1527,0.00000000,0.50008953,"NONRELEVANT:BINARY_FIXED_0_1"
17_InternetAds,t100,133,zscore,1528,0.00000000,0.50008953,"NONRELEVANT:BINARY_FIXED_0_1"
17_InternetAds,t100,133,zscore,1529,0.00000000,0.50008953,"NONRELEVANT:BINARY_FIXED_0_1"
17_InternetAds,t100,133,zscore,1530,0.00000000,0.50008953,"NONRELEVANT:BINARY_FIXED_0_1"
17_InternetAds,t100,133,zscore,1531,0.00000000,0.50008953,"NONRELEVANT:BINARY_FIXED_0_1"
17_InternetAds,t100,133,zscore,1532,0.00000000,0.50008953,"NONRELEVANT:BINARY_FIXED_0_1"
17_InternetAds,t100,133,zscore,1533,0.00000000,0.50008953,"NONRELEVANT:BINARY_FIXED_0_1"
17_InternetAds,t100,133,zscore,1534,0.00000000,0.50008953,"NONRELEVANT:BINARY_FIXED_0_1"
17_InternetAds,t100,133,zscore,1535,0.00000000,0.50008953,"NONRELEVANT:BINARY_FIXED_0_1"
17_InternetAds,t100,133,zscore,1536,0.00000000,0.50008953,"NONRELEVANT:BINARY_FIXED_0_1"
17_InternetAds,t100,133,zscore,1537,0.00000000,0.50008953,"NONRELEVANT:BINARY_FIXED_0_1"
17_InternetAds,t100,133,zscore,1538,0.00000000,0.50008953,"NONRELEVANT:BINARY_FIXED_0_1"
17_InternetAds,t100,133,zscore,1539,0.00000000,0.50008953,"NONRELEVANT:BINARY_FIXED_0_1"
17_InternetAds,t100,133,zscore,1540,0.00000000,0.50008953,"NONRELEVANT:BINARY_FIXED_0_1"
17_InternetAds,t100,133,zscore,1541,0.00000000,0.50008953,"NONRELEVANT:BINARY_FIXED_0_1"
17_InternetAds,t100,133,zscore,1542,0.00000000,0.50008953,"NONRELEVANT:BINARY_FIXED_0_1"
17_InternetAds,t100,133,zscore,1543,0.00000000,0.50008953,"NONRELEVANT:BINARY_FIXED_0_1"
17_InternetAds,t100,133,zscore,1544,0.00000000,0.50008953,"NONRELEVANT:BINARY_FIXED_0_1"
17_InternetAds,t100,133,zscore,1545,0.00000000,0.50008953,"NONRELEVANT:BINARY_FIXED_0_1"
17_InternetAds,t100,133,zscore,1546,0.00000000,0.50008953,"NONRELEVANT:BINARY_FIXED_0_1"
17_InternetAds,t100,133,zscore,1547,0.00000000,0.50008953,"NONRELEVANT:BINARY_FIXED_0_1"
17_InternetAds,t100,133,zscore,1548,0.00000000,0.50008953,"NONRELEVANT:BINARY_FIXED_0_1"
17_InternetAds,t100,133,zscore,1549,0.00000000,0.50008953,"NONRELEVANT:BINARY_FIXED_0_1"
17_InternetAds,t100,133,zscore,1550,0.00000000,0.50008953,"NONRELEVANT:BINARY_FIXED_0_1"
17_InternetAds,t100,133,zscore,1551,0.00000000,0.50008953,"NONRELEVANT:BINARY_FIXED_0_1"
17_InternetAds,t100,133,zscore,1552,0.00000000,0.50008953,"NONRELEVANT:BINARY_FIXED_0_1"
17_InternetAds,t100,133,zscore,1553,0.00000000,0.50008953,"NONRELEVANT:BINARY_FIXED_0_1"
17_InternetAds,t100,133,zscore,1554,0.00000000,0.50008953,"NONRELEVANT:BINARY_FIXED_0_1"
