dataset,tag,run_id,method,feature_index,param_opt,final_auc,grid
36_speech,t100,118,zscore,0,8.00000000,0.69761837,"0.5;0.75;1;1.25;1.5;2;2.5;3;4;5;6;8;10"
36_speech,t100,118,zscore,1,3.00000000,0.69761837,"0.5;0.75;1;1.25;1.5;2;2.5;3;4;5;6;8;10"
36_speech,t100,118,zscore,2,3.00000000,0.69761837,"0.5;0.75;1;1.25;1.5;2;2.5;3;4;5;6;8;10"
36_speech,t100,118,zscore,3,3.00000000,0.69761837,"0.5;0.75;1;1.25;1.5;2;2.5;3;4;5;6;8;10"
36_speech,t100,118,zscore,4,3.00000000,0.69761837,"0.5;0.75;1;1.25;1.5;2;2.5;3;4;5;6;8;10"
36_speech,t100,118,zscore,5,3.00000000,0.69761837,"0.5;0.75;1;1.25;1.5;2;2.5;3;4;5;6;8;10"
36_speech,t100,118,zscore,6,2.00000000,0.69761837,"0.5;0.75;1;1.25;1.5;2;2.5;3;4;5;6;8;10"
36_speech,t100,118,zscore,7,3.00000000,0.69761837,"0.5;0.75;1;1.25;1.5;2;2.5;3;4;5;6;8;10"
36_speech,t100,118,zscore,8,3.00000000,0.69761837,"0.5;0.75;1;1.25;1.5;2;2.5;3;4;5;6;8;10"
36_speech,t100,118,zscore,9,3.00000000,0.69761837,"0.5;0.75;1;1.25;1.5;2;2.5;3;4;5;6;8;10"
36_speech,t100,118,zscore,10,2.00000000,0.69761837,"0.5;0.75;1;1.25;1.5;2;2.5;3;4;5;6;8;10"
36_speech,t100,118,zscore,11,3.00000000,0.69761837,"0.5;0.75;1;1.25;1.5;2;2.5;3;4;5;6;8;10"
36_speech,t100,118,zscore,12,3.00000000,0.69761837,"0.5;0.75;1;1.25;1.5;2;2.5;3;4;5;6;8;10"
36_speech,t100,118,zscore,13,3.00000000,0.69761837,"0.5;0.75;1;1.25;1.5;2;2.5;3;4;5;6;8;10"
36_speech,t100,118,zscore,14,3.00000000,0.69761837,"0.5;0.75;1;1.25;1.5;2;2.5;3;4;5;6;8;10"
36_speech,t100,118,zscore,15,3.00000000,0.69761837,"0.5;0.75;1;1.25;1.5;2;2.5;3;4;5;6;8;10"
36_speech,t100,118,zscore,16,3.00000000,0.69761837,"0.5;0.75;1;1.25;1.5;2;2.5;3;4;5;6;8;10"
36_speech,t100,118,zscore,17,3.00000000,0.69761837,"0.5;0.75;1;1.25;1.5;2;2.5;3;4;5;6;8;10"
36_speech,t100,118,zscore,18,3.00000000,0.69761837,"0.5;0.75;1;1.25;1.5;2;2.5;3;4;5;6;8;10"
36_speech,t100,118,zscore,19,3.00000000,0.69761837,"0.5;0.75;1;1.25;1.5;2;2.5;3;4;5;6;8;10"
36_speech,t100,118,zscore,20,3.00000000,0.69761837,"0.5;0.75;1;1.25;1.5;2;2.5;3;4;5;6;8;10"
36_speech,t100,118,zscore,21,3.00000000,0.69761837,"0.5;0.75;1;1.25;1.5;2;2.5;3;4;5;6;8;10"
36_speech,t100,118,zscore,22,3.00000000,0.69761837,"0.5;0.75;1;1.25;1.5;2;2.5;3;4;5;6;8;10"
36_speech,t100,118,zscore,23,3.00000000,0.69761837,"0.5;0.75;1;1.25;1.5;2;2.5;3;4;5;6;8;10"
36_speech,t100,118,zscore,24,2.00000000,0.69761837,"0.5;0.75;1;1.25;1.5;2;2.5;3;4;5;6;8;10"
36_speech,t100,118,zscore,25,2.00000000,0.69761837,"0.5;0.75;1;1.25;1.5;2;2.5;3;4;5;6;8;10"
36_speech,t100,118,zscore,26,3.00000000,0.69761837,"0.5;0.75;1;1.25;1.5;2;2.5;3;4;5;6;8;10"
36_speech,t100,118,zscore,27,2.00000000,0.69761837,"0.5;0.75;1;1.25;1.5;2;2.5;3;4;5;6;8;10"
36_speech,t100,118,zscore,28,3.00000000,0.69761837,"0.5;0.75;1;1.25;1.5;2;2.5;3;4;5;6;8;10"
36_speech,t100,118,zscore,29,3.00000000,0.69761837,"0.5;0.75;1;1.25;1.5;2;2.5;3;4;5;6;8;10"
36_speech,t100,118,zscore,30,3.00000000,0.69761837,"0.5;0.75;1;1.25;1.5;2;2.5;3;4;5;6;8;10"
36_speech,t100,118,zscore,31,2.00000000,0.69761837,"0.5;0.75;1;1.25;1.5;2;2.5;3;4;5;6;8;10"
36_speech,t100,118,zscore,32,3.00000000,0.69761837,"0.5;0.75;1;1.25;1.5;2;2.5;3;4;5;6;8;10"
36_speech,t100,118,zscore,33,3.00000000,0.69761837,"0.5;0.75;1;1.25;1.5;2;2.5;3;4;5;6;8;10"
36_speech,t100,118,zscore,34,3.00000000,0.69761837,"0.5;0.75;1;1.25;1.5;2;2.5;3;4;5;6;8;10"
36_speech,t100,118,zscore,35,3.00000000,0.69761837,"0.5;0.75;1;1.25;1.5;2;2.5;3;4;5;6;8;10"
36_speech,t100,118,zscore,36,3.00000000,0.69761837,"0.5;0.75;1;1.25;1.5;2;2.5;3;4;5;6;8;10"
36_speech,t100,118,zscore,37,3.00000000,0.69761837,"0.5;0.75;1;1.25;1.5;2;2.5;3;4;5;6;8;10"
36_speech,t100,118,zscore,38,3.00000000,0.69761837,"0.5;0.75;1;1.25;1.5;2;2.5;3;4;5;6;8;10"
36_speech,t100,118,zscore,39,3.00000000,0.69761837,"0.5;0.75;1;1.25;1.5;2;2.5;3;4;5;6;8;10"
36_speech,t100,118,zscore,40,3.00000000,0.69761837,"0.5;0.75;1;1.25;1.5;2;2.5;3;4;5;6;8;10"
36_speech,t100,118,zscore,41,3.00000000,0.69761837,"0.5;0.75;1;1.25;1.5;2;2.5;3;4;5;6;8;10"
36_speech,t100,118,zscore,42,3.00000000,0.69761837,"0.5;0.75;1;1.25;1.5;2;2.5;3;4;5;6;8;10"
36_speech,t100,118,zscore,43,3.00000000,0.69761837,"0.5;0.75;1;1.25;1.5;2;2.5;3;4;5;6;8;10"
36_speech,t100,118,zscore,44,3.00000000,0.69761837,"0.5;0.75;1;1.25;1.5;2;2.5;3;4;5;6;8;10"
36_speech,t100,118,zscore,45,3.00000000,0.69761837,"0.5;0.75;1;1.25;1.5;2;2.5;3;4;5;6;8;10"
36_speech,t100,118,zscore,46,3.00000000,0.69761837,"0.5;0.75;1;1.25;1.5;2;2.5;3;4;5;6;8;10"
36_speech,t100,118,zscore,47,3.00000000,0.69761837,"0.5;0.75;1;1.25;1.5;2;2.5;3;4;5;6;8;10"
36_speech,t100,118,zscore,48,3.00000000,0.69761837,"0.5;0.75;1;1.25;1.5;2;2.5;3;4;5;6;8;10"
36_speech,t100,118,zscore,49,3.00000000,0.69761837,"0.5;0.75;1;1.25;1.5;2;2.5;3;4;5;6;8;10"
36_speech,t100,118,zscore,50,3.00000000,0.69761837,"0.5;0.75;1;1.25;1.5;2;2.5;3;4;5;6;8;10"
36_speech,t100,118,zscore,51,3.00000000,0.69761837,"0.5;0.75;1;1.25;1.5;2;2.5;3;4;5;6;8;10"
36_speech,t100,118,zscore,52,3.00000000,0.69761837,"0.5;0.75;1;1.25;1.5;2;2.5;3;4;5;6;8;10"
36_speech,t100,118,zscore,53,3.00000000,0.69761837,"0.5;0.75;1;1.25;1.5;2;2.5;3;4;5;6;8;10"
36_speech,t100,118,zscore,54,3.00000000,0.69761837,"0.5;0.75;1;1.25;1.5;2;2.5;3;4;5;6;8;10"
36_speech,t100,118,zscore,55,3.00000000,0.69761837,"0.5;0.75;1;1.25;1.5;2;2.5;3;4;5;6;8;10"
36_speech,t100,118,zscore,56,3.00000000,0.69761837,"0.5;0.75;1;1.25;1.5;2;2.5;3;4;5;6;8;10"
36_speech,t100,118,zscore,57,3.00000000,0.69761837,"0.5;0.75;1;1.25;1.5;2;2.5;3;4;5;6;8;10"
36_speech,t100,118,zscore,58,3.00000000,0.69761837,"0.5;0.75;1;1.25;1.5;2;2.5;3;4;5;6;8;10"
36_speech,t100,118,zscore,59,3.00000000,0.69761837,"0.5;0.75;1;1.25;1.5;2;2.5;3;4;5;6;8;10"
36_speech,t100,118,zscore,60,3.00000000,0.69761837,"0.5;0.75;1;1.25;1.5;2;2.5;3;4;5;6;8;10"
36_speech,t100,118,zscore,61,3.00000000,0.69761837,"0.5;0.75;1;1.25;1.5;2;2.5;3;4;5;6;8;10"
36_speech,t100,118,zscore,62,3.00000000,0.69761837,"0.5;0.75;1;1.25;1.5;2;2.5;3;4;5;6;8;10"
36_speech,t100,118,zscore,63,2.00000000,0.69761837,"0.5;0.75;1;1.25;1.5;2;2.5;3;4;5;6;8;10"
36_speech,t100,118,zscore,64,3.00000000,0.69761837,"0.5;0.75;1;1.25;1.5;2;2.5;3;4;5;6;8;10"
36_speech,t100,118,zscore,65,3.00000000,0.69761837,"0.5;0.75;1;1.25;1.5;2;2.5;3;4;5;6;8;10"
36_speech,t100,118,zscore,66,3.00000000,0.69761837,"0.5;0.75;1;1.25;1.5;2;2.5;3;4;5;6;8;10"
36_speech,t100,118,zscore,67,3.00000000,0.69761837,"0.5;0.75;1;1.25;1.5;2;2.5;3;4;5;6;8;10"
36_speech,t100,118,zscore,68,3.00000000,0.69761837,"0.5;0.75;1;1.25;1.5;2;2.5;3;4;5;6;8;10"
36_speech,t100,118,zscore,69,3.00000000,0.69761837,"0.5;0.75;1;1.25;1.5;2;2.5;3;4;5;6;8;10"
36_speech,t100,118,zscore,70,3.00000000,0.69761837,"0.5;0.75;1;1.25;1.5;2;2.5;3;4;5;6;8;10"
36_speech,t100,118,zscore,71,3.00000000,0.69761837,"0.5;0.75;1;1.25;1.5;2;2.5;3;4;5;6;8;10"
36_speech,t100,118,zscore,72,3.00000000,0.69761837,"0.5;0.75;1;1.25;1.5;2;2.5;3;4;5;6;8;10"
36_speech,t100,118,zscore,73,3.00000000,0.69761837,"0.5;0.75;1;1.25;1.5;2;2.5;3;4;5;6;8;10"
36_speech,t100,118,zscore,74,3.00000000,0.69761837,"0.5;0.75;1;1.25;1.5;2;2.5;3;4;5;6;8;10"
36_speech,t100,118,zscore,75,3.00000000,0.69761837,"0.5;0.75;1;1.25;1.5;2;2.5;3;4;5;6;8;10"
36_speech,t100,118,zscore,76,3.00000000,0.69761837,"0.5;0.75;1;1.25;1.5;2;2.5;3;4;5;6;8;10"
36_speech,t100,118,zscore,77,3.00000000,0.69761837,"0.5;0.75;1;1.25;1.5;2;2.5;3;4;5;6;8;10"
36_speech,t100,118,zscore,78,3.00000000,0.69761837,"0.5;0.75;1;1.25;1.5;2;2.5;3;4;5;6;8;10"
36_speech,t100,118,zscore,79,3.00000000,0.69761837,"0.5;0.75;1;1.25;1.5;2;2.5;3;4;5;6;8;10"
36_speech,t100,118,zscore,80,3.00000000,0.69761837,"0.5;0.75;1;1.25;1.5;2;2.5;3;4;5;6;8;10"
36_speech,t100,118,zscore,81,3.00000000,0.69761837,"0.5;0.75;1;1.25;1.5;2;2.5;3;4;5;6;8;10"
36_speech,t100,118,zscore,82,3.00000000,0.69761837,"0.5;0.75;1;1.25;1.5;2;2.5;3;4;5;6;8;10"
36_speech,t100,118,zscore,83,3.00000000,0.69761837,"0.5;0.75;1;1.25;1.5;2;2.5;3;4;5;6;8;10"
36_speech,t100,118,zscore,84,3.00000000,0.69761837,"0.5;0.75;1;1.25;1.5;2;2.5;3;4;5;6;8;10"
36_speech,t100,118,zscore,85,3.00000000,0.69761837,"0.5;0.75;1;1.25;1.5;2;2.5;3;4;5;6;8;10"
36_speech,t100,118,zscore,86,2.00000000,0.69761837,"0.5;0.75;1;1.25;1.5;2;2.5;3;4;5;6;8;10"
36_speech,t100,118,zscore,87,8.00000000,0.69761837,"0.5;0.75;1;1.25;1.5;2;2.5;3;4;5;6;8;10"
36_speech,t100,118,zscore,88,3.00000000,0.69761837,"0.5;0.75;1;1.25;1.5;2;2.5;3;4;5;6;8;10"
36_speech,t100,118,zscore,89,3.00000000,0.69761837,"0.5;0.75;1;1.25;1.5;2;2.5;3;4;5;6;8;10"
36_speech,t100,118,zscore,90,8.00000000,0.69761837,"0.5;0.75;1;1.25;1.5;2;2.5;3;4;5;6;8;10"
36_speech,t100,118,zscore,91,8.00000000,0.69761837,"0.5;0.75;1;1.25;1.5;2;2.5;3;4;5;6;8;10"
36_speech,t100,118,zscore,92,3.00000000,0.69761837,"0.5;0.75;1;1.25;1.5;2;2.5;3;4;5;6;8;10"
36_speech,t100,118,zscore,93,3.00000000,0.69761837,"0.5;0.75;1;1.25;1.5;2;2.5;3;4;5;6;8;10"
36_speech,t100,118,zscore,94,3.00000000,0.69761837,"0.5;0.75;1;1.25;1.5;2;2.5;3;4;5;6;8;10"
36_speech,t100,118,zscore,95,3.00000000,0.69761837,"0.5;0.75;1;1.25;1.5;2;2.5;3;4;5;6;8;10"
36_speech,t100,118,zscore,96,3.00000000,0.69761837,"0.5;0.75;1;1.25;1.5;2;2.5;3;4;5;6;8;10"
36_speech,t100,118,zscore,97,8.00000000,0.69761837,"0.5;0.75;1;1.25;1.5;2;2.5;3;4;5;6;8;10"
36_speech,t100,118,zscore,98,3.00000000,0.69761837,"0.5;0.75;1;1.25;1.5;2;2.5;3;4;5;6;8;10"
36_speech,t100,118,zscore,99,3.00000000,0.69761837,"0.5;0.75;1;1.25;1.5;2;2.5;3;4;5;6;8;10"
36_speech,t100,118,zscore,100,3.00000000,0.69761837,"0.5;0.75;1;1.25;1.5;2;2.5;3;4;5;6;8;10"
36_speech,t100,118,zscore,101,3.00000000,0.69761837,"0.5;0.75;1;1.25;1.5;2;2.5;3;4;5;6;8;10"
36_speech,t100,118,zscore,102,3.00000000,0.69761837,"0.5;0.75;1;1.25;1.5;2;2.5;3;4;5;6;8;10"
36_speech,t100,118,zscore,103,3.00000000,0.69761837,"0.5;0.75;1;1.25;1.5;2;2.5;3;4;5;6;8;10"
36_speech,t100,118,zscore,104,8.00000000,0.69761837,"0.5;0.75;1;1.25;1.5;2;2.5;3;4;5;6;8;10"
36_speech,t100,118,zscore,105,3.00000000,0.69761837,"0.5;0.75;1;1.25;1.5;2;2.5;3;4;5;6;8;10"
36_speech,t100,118,zscore,106,3.00000000,0.69761837,"0.5;0.75;1;1.25;1.5;2;2.5;3;4;5;6;8;10"
36_speech,t100,118,zscore,107,3.00000000,0.69761837,"0.5;0.75;1;1.25;1.5;2;2.5;3;4;5;6;8;10"
36_speech,t100,118,zscore,108,3.00000000,0.69761837,"0.5;0.75;1;1.25;1.5;2;2.5;3;4;5;6;8;10"
36_speech,t100,118,zscore,109,3.00000000,0.69761837,"0.5;0.75;1;1.25;1.5;2;2.5;3;4;5;6;8;10"
36_speech,t100,118,zscore,110,3.00000000,0.69761837,"0.5;0.75;1;1.25;1.5;2;2.5;3;4;5;6;8;10"
36_speech,t100,118,zscore,111,3.00000000,0.69761837,"0.5;0.75;1;1.25;1.5;2;2.5;3;4;5;6;8;10"
36_speech,t100,118,zscore,112,3.00000000,0.69761837,"0.5;0.75;1;1.25;1.5;2;2.5;3;4;5;6;8;10"
36_speech,t100,118,zscore,113,2.00000000,0.69761837,"0.5;0.75;1;1.25;1.5;2;2.5;3;4;5;6;8;10"
36_speech,t100,118,zscore,114,8.00000000,0.69761837,"0.5;0.75;1;1.25;1.5;2;2.5;3;4;5;6;8;10"
36_speech,t100,118,zscore,115,3.00000000,0.69761837,"0.5;0.75;1;1.25;1.5;2;2.5;3;4;5;6;8;10"
36_speech,t100,118,zscore,116,3.00000000,0.69761837,"0.5;0.75;1;1.25;1.5;2;2.5;3;4;5;6;8;10"
36_speech,t100,118,zscore,117,3.00000000,0.69761837,"0.5;0.75;1;1.25;1.5;2;2.5;3;4;5;6;8;10"
36_speech,t100,118,zscore,118,3.00000000,0.69761837,"0.5;0.75;1;1.25;1.5;2;2.5;3;4;5;6;8;10"
36_speech,t100,118,zscore,119,3.00000000,0.69761837,"0.5;0.75;1;1.25;1.5;2;2.5;3;4;5;6;8;10"
36_speech,t100,118,zscore,120,3.00000000,0.69761837,"0.5;0.75;1;1.25;1.5;2;2.5;3;4;5;6;8;10"
36_speech,t100,118,zscore,121,8.00000000,0.69761837,"0.5;0.75;1;1.25;1.5;2;2.5;3;4;5;6;8;10"
36_speech,t100,118,zscore,122,3.00000000,0.69761837,"0.5;0.75;1;1.25;1.5;2;2.5;3;4;5;6;8;10"
36_speech,t100,118,zscore,123,3.00000000,0.69761837,"0.5;0.75;1;1.25;1.5;2;2.5;3;4;5;6;8;10"
36_speech,t100,118,zscore,124,3.00000000,0.69761837,"0.5;0.75;1;1.25;1.5;2;2.5;3;4;5;6;8;10"
36_speech,t100,118,zscore,125,3.00000000,0.69761837,"0.5;0.75;1;1.25;1.5;2;2.5;3;4;5;6;8;10"
36_speech,t100,118,zscore,126,8.00000000,0.69761837,"0.5;0.75;1;1.25;1.5;2;2.5;3;4;5;6;8;10"
36_speech,t100,118,zscore,127,3.00000000,0.69761837,"0.5;0.75;1;1.25;1.5;2;2.5;3;4;5;6;8;10"
36_speech,t100,118,zscore,128,3.00000000,0.69761837,"0.5;0.75;1;1.25;1.5;2;2.5;3;4;5;6;8;10"
36_speech,t100,118,zscore,129,3.00000000,0.69761837,"0.5;0.75;1;1.25;1.5;2;2.5;3;4;5;6;8;10"
36_speech,t100,118,zscore,130,3.00000000,0.69761837,"0.5;0.75;1;1.25;1.5;2;2.5;3;4;5;6;8;10"
36_speech,t100,118,zscore,131,8.00000000,0.69761837,"0.5;0.75;1;1.25;1.5;2;2.5;3;4;5;6;8;10"
36_speech,t100,118,zscore,132,3.00000000,0.69761837,"0.5;0.75;1;1.25;1.5;2;2.5;3;4;5;6;8;10"
36_speech,t100,118,zscore,133,3.00000000,0.69761837,"0.5;0.75;1;1.25;1.5;2;2.5;3;4;5;6;8;10"
36_speech,t100,118,zscore,134,3.00000000,0.69761837,"0.5;0.75;1;1.25;1.5;2;2.5;3;4;5;6;8;10"
36_speech,t100,118,zscore,135,3.00000000,0.69761837,"0.5;0.75;1;1.25;1.5;2;2.5;3;4;5;6;8;10"
36_speech,t100,118,zscore,136,3.00000000,0.69761837,"0.5;0.75;1;1.25;1.5;2;2.5;3;4;5;6;8;10"
36_speech,t100,118,zscore,137,8.00000000,0.69761837,"0.5;0.75;1;1.25;1.5;2;2.5;3;4;5;6;8;10"
36_speech,t100,118,zscore,138,3.00000000,0.69761837,"0.5;0.75;1;1.25;1.5;2;2.5;3;4;5;6;8;10"
36_speech,t100,118,zscore,139,3.00000000,0.69761837,"0.5;0.75;1;1.25;1.5;2;2.5;3;4;5;6;8;10"
36_speech,t100,118,zscore,140,3.00000000,0.69761837,"0.5;0.75;1;1.25;1.5;2;2.5;3;4;5;6;8;10"
36_speech,t100,118,zscore,141,3.00000000,0.69761837,"0.5;0.75;1;1.25;1.5;2;2.5;3;4;5;6;8;10"
36_speech,t100,118,zscore,142,3.00000000,0.69761837,"0.5;0.75;1;1.25;1.5;2;2.5;3;4;5;6;8;10"
36_speech,t100,118,zscore,143,3.00000000,0.69761837,"0.5;0.75;1;1.25;1.5;2;2.5;3;4;5;6;8;10"
36_speech,t100,118,zscore,144,3.00000000,0.69761837,"0.5;0.75;1;1.25;1.5;2;2.5;3;4;5;6;8;10"
36_speech,t100,118,zscore,145,3.00000000,0.69761837,"0.5;0.75;1;1.25;1.5;2;2.5;3;4;5;6;8;10"
36_speech,t100,118,zscore,146,3.00000000,0.69761837,"0.5;0.75;1;1.25;1.5;2;2.5;3;4;5;6;8;10"
36_speech,t100,118,zscore,147,3.00000000,0.69761837,"0.5;0.75;1;1.25;1.5;2;2.5;3;4;5;6;8;10"
36_speech,t100,118,zscore,148,3.00000000,0.69761837,"0.5;0.75;1;1.25;1.5;2;2.5;3;4;5;6;8;10"
36_speech,t100,118,zscore,149,3.00000000,0.69761837,"0.5;0.75;1;1.25;1.5;2;2.5;3;4;5;6;8;10"
36_speech,t100,118,zscore,150,3.00000000,0.69761837,"0.5;0.75;1;1.25;1.5;2;2.5;3;4;5;6;8;10"
36_speech,t100,118,zscore,151,3.00000000,0.69761837,"0.5;0.75;1;1.25;1.5;2;2.5;3;4;5;6;8;10"
36_speech,t100,118,zscore,152,3.00000000,0.69761837,"0.5;0.75;1;1.25;1.5;2;2.5;3;4;5;6;8;10"
36_speech,t100,118,zscore,153,3.00000000,0.69761837,"0.5;0.75;1;1.25;1.5;2;2.5;3;4;5;6;8;10"
36_speech,t100,118,zscore,154,3.00000000,0.69761837,"0.5;0.75;1;1.25;1.5;2;2.5;3;4;5;6;8;10"
36_speech,t100,118,zscore,155,3.00000000,0.69761837,"0.5;0.75;1;1.25;1.5;2;2.5;3;4;5;6;8;10"
36_speech,t100,118,zscore,156,8.00000000,0.69761837,"0.5;0.75;1;1.25;1.5;2;2.5;3;4;5;6;8;10"
36_speech,t100,118,zscore,157,3.00000000,0.69761837,"0.5;0.75;1;1.25;1.5;2;2.5;3;4;5;6;8;10"
36_speech,t100,118,zscore,158,3.00000000,0.69761837,"0.5;0.75;1;1.25;1.5;2;2.5;3;4;5;6;8;10"
36_speech,t100,118,zscore,159,3.00000000,0.69761837,"0.5;0.75;1;1.25;1.5;2;2.5;3;4;5;6;8;10"
36_speech,t100,118,zscore,160,3.00000000,0.69761837,"0.5;0.75;1;1.25;1.5;2;2.5;3;4;5;6;8;10"
36_speech,t100,118,zscore,161,3.00000000,0.69761837,"0.5;0.75;1;1.25;1.5;2;2.5;3;4;5;6;8;10"
36_speech,t100,118,zscore,162,3.00000000,0.69761837,"0.5;0.75;1;1.25;1.5;2;2.5;3;4;5;6;8;10"
36_speech,t100,118,zscore,163,3.00000000,0.69761837,"0.5;0.75;1;1.25;1.5;2;2.5;3;4;5;6;8;10"
36_speech,t100,118,zscore,164,3.00000000,0.69761837,"0.5;0.75;1;1.25;1.5;2;2.5;3;4;5;6;8;10"
36_speech,t100,118,zscore,165,3.00000000,0.69761837,"0.5;0.75;1;1.25;1.5;2;2.5;3;4;5;6;8;10"
36_speech,t100,118,zscore,166,3.00000000,0.69761837,"0.5;0.75;1;1.25;1.5;2;2.5;3;4;5;6;8;10"
36_speech,t100,118,zscore,167,3.00000000,0.69761837,"0.5;0.75;1;1.25;1.5;2;2.5;3;4;5;6;8;10"
36_speech,t100,118,zscore,168,3.00000000,0.69761837,"0.5;0.75;1;1.25;1.5;2;2.5;3;4;5;6;8;10"
36_speech,t100,118,zscore,169,3.00000000,0.69761837,"0.5;0.75;1;1.25;1.5;2;2.5;3;4;5;6;8;10"
36_speech,t100,118,zscore,170,3.00000000,0.69761837,"0.5;0.75;1;1.25;1.5;2;2.5;3;4;5;6;8;10"
36_speech,t100,118,zscore,171,3.00000000,0.69761837,"0.5;0.75;1;1.25;1.5;2;2.5;3;4;5;6;8;10"
36_speech,t100,118,zscore,172,3.00000000,0.69761837,"0.5;0.75;1;1.25;1.5;2;2.5;3;4;5;6;8;10"
36_speech,t100,118,zscore,173,3.00000000,0.69761837,"0.5;0.75;1;1.25;1.5;2;2.5;3;4;5;6;8;10"
36_speech,t100,118,zscore,174,3.00000000,0.69761837,"0.5;0.75;1;1.25;1.5;2;2.5;3;4;5;6;8;10"
36_speech,t100,118,zscore,175,3.00000000,0.69761837,"0.5;0.75;1;1.25;1.5;2;2.5;3;4;5;6;8;10"
36_speech,t100,118,zscore,176,3.00000000,0.69761837,"0.5;0.75;1;1.25;1.5;2;2.5;3;4;5;6;8;10"
36_speech,t100,118,zscore,177,3.00000000,0.69761837,"0.5;0.75;1;1.25;1.5;2;2.5;3;4;5;6;8;10"
36_speech,t100,118,zscore,178,3.00000000,0.69761837,"0.5;0.75;1;1.25;1.5;2;2.5;3;4;5;6;8;10"
36_speech,t100,118,zscore,179,3.00000000,0.69761837,"0.5;0.75;1;1.25;1.5;2;2.5;3;4;5;6;8;10"
36_speech,t100,118,zscore,180,3.00000000,0.69761837,"0.5;0.75;1;1.25;1.5;2;2.5;3;4;5;6;8;10"
36_speech,t100,118,zscore,181,8.00000000,0.69761837,"0.5;0.75;1;1.25;1.5;2;2.5;3;4;5;6;8;10"
36_speech,t100,118,zscore,182,3.00000000,0.69761837,"0.5;0.75;1;1.25;1.5;2;2.5;3;4;5;6;8;10"
36_speech,t100,118,zscore,183,3.00000000,0.69761837,"0.5;0.75;1;1.25;1.5;2;2.5;3;4;5;6;8;10"
36_speech,t100,118,zscore,184,3.00000000,0.69761837,"0.5;0.75;1;1.25;1.5;2;2.5;3;4;5;6;8;10"
36_speech,t100,118,zscore,185,3.00000000,0.69761837,"0.5;0.75;1;1.25;1.5;2;2.5;3;4;5;6;8;10"
36_speech,t100,118,zscore,186,3.00000000,0.69761837,"0.5;0.75;1;1.25;1.5;2;2.5;3;4;5;6;8;10"
36_speech,t100,118,zscore,187,3.00000000,0.69761837,"0.5;0.75;1;1.25;1.5;2;2.5;3;4;5;6;8;10"
36_speech,t100,118,zscore,188,3.00000000,0.69761837,"0.5;0.75;1;1.25;1.5;2;2.5;3;4;5;6;8;10"
36_speech,t100,118,zscore,189,3.00000000,0.69761837,"0.5;0.75;1;1.25;1.5;2;2.5;3;4;5;6;8;10"
36_speech,t100,118,zscore,190,8.00000000,0.69761837,"0.5;0.75;1;1.25;1.5;2;2.5;3;4;5;6;8;10"
36_speech,t100,118,zscore,191,8.00000000,0.69761837,"0.5;0.75;1;1.25;1.5;2;2.5;3;4;5;6;8;10"
36_speech,t100,118,zscore,192,8.00000000,0.69761837,"0.5;0.75;1;1.25;1.5;2;2.5;3;4;5;6;8;10"
36_speech,t100,118,zscore,193,3.00000000,0.69761837,"0.5;0.75;1;1.25;1.5;2;2.5;3;4;5;6;8;10"
36_speech,t100,118,zscore,194,8.00000000,0.69761837,"0.5;0.75;1;1.25;1.5;2;2.5;3;4;5;6;8;10"
36_speech,t100,118,zscore,195,3.00000000,0.69761837,"0.5;0.75;1;1.25;1.5;2;2.5;3;4;5;6;8;10"
36_speech,t100,118,zscore,196,8.00000000,0.69761837,"0.5;0.75;1;1.25;1.5;2;2.5;3;4;5;6;8;10"
36_speech,t100,118,zscore,197,3.00000000,0.69761837,"0.5;0.75;1;1.25;1.5;2;2.5;3;4;5;6;8;10"
36_speech,t100,118,zscore,198,3.00000000,0.69761837,"0.5;0.75;1;1.25;1.5;2;2.5;3;4;5;6;8;10"
36_speech,t100,118,zscore,199,3.00000000,0.69761837,"0.5;0.75;1;1.25;1.5;2;2.5;3;4;5;6;8;10"
36_speech,t100,118,zscore,200,3.00000000,0.69761837,"0.5;0.75;1;1.25;1.5;2;2.5;3;4;5;6;8;10"
36_speech,t100,118,zscore,201,3.00000000,0.69761837,"0.5;0.75;1;1.25;1.5;2;2.5;3;4;5;6;8;10"
36_speech,t100,118,zscore,202,3.00000000,0.69761837,"0.5;0.75;1;1.25;1.5;2;2.5;3;4;5;6;8;10"
36_speech,t100,118,zscore,203,3.00000000,0.69761837,"0.5;0.75;1;1.25;1.5;2;2.5;3;4;5;6;8;10"
36_speech,t100,118,zscore,204,3.00000000,0.69761837,"0.5;0.75;1;1.25;1.5;2;2.5;3;4;5;6;8;10"
36_speech,t100,118,zscore,205,3.00000000,0.69761837,"0.5;0.75;1;1.25;1.5;2;2.5;3;4;5;6;8;10"
36_speech,t100,118,zscore,206,3.00000000,0.69761837,"0.5;0.75;1;1.25;1.5;2;2.5;3;4;5;6;8;10"
36_speech,t100,118,zscore,207,3.00000000,0.69761837,"0.5;0.75;1;1.25;1.5;2;2.5;3;4;5;6;8;10"
36_speech,t100,118,zscore,208,2.00000000,0.69761837,"0.5;0.75;1;1.25;1.5;2;2.5;3;4;5;6;8;10"
36_speech,t100,118,zscore,209,3.00000000,0.69761837,"0.5;0.75;1;1.25;1.5;2;2.5;3;4;5;6;8;10"
36_speech,t100,118,zscore,210,3.00000000,0.69761837,"0.5;0.75;1;1.25;1.5;2;2.5;3;4;5;6;8;10"
36_speech,t100,118,zscore,211,3.00000000,0.69761837,"0.5;0.75;1;1.25;1.5;2;2.5;3;4;5;6;8;10"
36_speech,t100,118,zscore,212,3.00000000,0.69761837,"0.5;0.75;1;1.25;1.5;2;2.5;3;4;5;6;8;10"
36_speech,t100,118,zscore,213,2.00000000,0.69761837,"0.5;0.75;1;1.25;1.5;2;2.5;3;4;5;6;8;10"
36_speech,t100,118,zscore,214,3.00000000,0.69761837,"0.5;0.75;1;1.25;1.5;2;2.5;3;4;5;6;8;10"
36_speech,t100,118,zscore,215,8.00000000,0.69761837,"0.5;0.75;1;1.25;1.5;2;2.5;3;4;5;6;8;10"
36_speech,t100,118,zscore,216,2.00000000,0.69761837,"0.5;0.75;1;1.25;1.5;2;2.5;3;4;5;6;8;10"
36_speech,t100,118,zscore,217,2.00000000,0.69761837,"0.5;0.75;1;1.25;1.5;2;2.5;3;4;5;6;8;10"
36_speech,t100,118,zscore,218,3.00000000,0.69761837,"0.5;0.75;1;1.25;1.5;2;2.5;3;4;5;6;8;10"
36_speech,t100,118,zscore,219,3.00000000,0.69761837,"0.5;0.75;1;1.25;1.5;2;2.5;3;4;5;6;8;10"
36_speech,t100,118,zscore,220,3.00000000,0.69761837,"0.5;0.75;1;1.25;1.5;2;2.5;3;4;5;6;8;10"
36_speech,t100,118,zscore,221,3.00000000,0.69761837,"0.5;0.75;1;1.25;1.5;2;2.5;3;4;5;6;8;10"
36_speech,t100,118,zscore,222,3.00000000,0.69761837,"0.5;0.75;1;1.25;1.5;2;2.5;3;4;5;6;8;10"
36_speech,t100,118,zscore,223,3.00000000,0.69761837,"0.5;0.75;1;1.25;1.5;2;2.5;3;4;5;6;8;10"
36_speech,t100,118,zscore,224,3.00000000,0.69761837,"0.5;0.75;1;1.25;1.5;2;2.5;3;4;5;6;8;10"
36_speech,t100,118,zscore,225,3.00000000,0.69761837,"0.5;0.75;1;1.25;1.5;2;2.5;3;4;5;6;8;10"
36_speech,t100,118,zscore,226,3.00000000,0.69761837,"0.5;0.75;1;1.25;1.5;2;2.5;3;4;5;6;8;10"
36_speech,t100,118,zscore,227,3.00000000,0.69761837,"0.5;0.75;1;1.25;1.5;2;2.5;3;4;5;6;8;10"
36_speech,t100,118,zscore,228,3.00000000,0.69761837,"0.5;0.75;1;1.25;1.5;2;2.5;3;4;5;6;8;10"
36_speech,t100,118,zscore,229,3.00000000,0.69761837,"0.5;0.75;1;1.25;1.5;2;2.5;3;4;5;6;8;10"
36_speech,t100,118,zscore,230,3.00000000,0.69761837,"0.5;0.75;1;1.25;1.5;2;2.5;3;4;5;6;8;10"
36_speech,t100,118,zscore,231,3.00000000,0.69761837,"0.5;0.75;1;1.25;1.5;2;2.5;3;4;5;6;8;10"
36_speech,t100,118,zscore,232,3.00000000,0.69761837,"0.5;0.75;1;1.25;1.5;2;2.5;3;4;5;6;8;10"
36_speech,t100,118,zscore,233,3.00000000,0.69761837,"0.5;0.75;1;1.25;1.5;2;2.5;3;4;5;6;8;10"
36_speech,t100,118,zscore,234,3.00000000,0.69761837,"0.5;0.75;1;1.25;1.5;2;2.5;3;4;5;6;8;10"
36_speech,t100,118,zscore,235,3.00000000,0.69761837,"0.5;0.75;1;1.25;1.5;2;2.5;3;4;5;6;8;10"
36_speech,t100,118,zscore,236,3.00000000,0.69761837,"0.5;0.75;1;1.25;1.5;2;2.5;3;4;5;6;8;10"
36_speech,t100,118,zscore,237,3.00000000,0.69761837,"0.5;0.75;1;1.25;1.5;2;2.5;3;4;5;6;8;10"
36_speech,t100,118,zscore,238,3.00000000,0.69761837,"0.5;0.75;1;1.25;1.5;2;2.5;3;4;5;6;8;10"
36_speech,t100,118,zscore,239,3.00000000,0.69761837,"0.5;0.75;1;1.25;1.5;2;2.5;3;4;5;6;8;10"
36_speech,t100,118,zscore,240,3.00000000,0.69761837,"0.5;0.75;1;1.25;1.5;2;2.5;3;4;5;6;8;10"
36_speech,t100,118,zscore,241,3.00000000,0.69761837,"0.5;0.75;1;1.25;1.5;2;2.5;3;4;5;6;8;10"
36_speech,t100,118,zscore,242,3.00000000,0.69761837,"0.5;0.75;1;1.25;1.5;2;2.5;3;4;5;6;8;10"
36_speech,t100,118,zscore,243,3.00000000,0.69761837,"0.5;0.75;1;1.25;1.5;2;2.5;3;4;5;6;8;10"
36_speech,t100,118,zscore,244,3.00000000,0.69761837,"0.5;0.75;1;1.25;1.5;2;2.5;3;4;5;6;8;10"
36_speech,t100,118,zscore,245,3.00000000,0.69761837,"0.5;0.75;1;1.25;1.5;2;2.5;3;4;5;6;8;10"
36_speech,t100,118,zscore,246,3.00000000,0.69761837,"0.5;0.75;1;1.25;1.5;2;2.5;3;4;5;6;8;10"
36_speech,t100,118,zscore,247,3.00000000,0.69761837,"0.5;0.75;1;1.25;1.5;2;2.5;3;4;5;6;8;10"
36_speech,t100,118,zscore,248,3.00000000,0.69761837,"0.5;0.75;1;1.25;1.5;2;2.5;3;4;5;6;8;10"
36_speech,t100,118,zscore,249,3.00000000,0.69761837,"0.5;0.75;1;1.25;1.5;2;2.5;3;4;5;6;8;10"
36_speech,t100,118,zscore,250,3.00000000,0.69761837,"0.5;0.75;1;1.25;1.5;2;2.5;3;4;5;6;8;10"
36_speech,t100,118,zscore,251,3.00000000,0.69761837,"0.5;0.75;1;1.25;1.5;2;2.5;3;4;5;6;8;10"
36_speech,t100,118,zscore,252,3.00000000,0.69761837,"0.5;0.75;1;1.25;1.5;2;2.5;3;4;5;6;8;10"
36_speech,t100,118,zscore,253,3.00000000,0.69761837,"0.5;0.75;1;1.25;1.5;2;2.5;3;4;5;6;8;10"
36_speech,t100,118,zscore,254,3.00000000,0.69761837,"0.5;0.75;1;1.25;1.5;2;2.5;3;4;5;6;8;10"
36_speech,t100,118,zscore,255,3.00000000,0.69761837,"0.5;0.75;1;1.25;1.5;2;2.5;3;4;5;6;8;10"
36_speech,t100,118,zscore,256,2.00000000,0.69761837,"0.5;0.75;1;1.25;1.5;2;2.5;3;4;5;6;8;10"
36_speech,t100,118,zscore,257,3.00000000,0.69761837,"0.5;0.75;1;1.25;1.5;2;2.5;3;4;5;6;8;10"
36_speech,t100,118,zscore,258,3.00000000,0.69761837,"0.5;0.75;1;1.25;1.5;2;2.5;3;4;5;6;8;10"
36_speech,t100,118,zscore,259,3.00000000,0.69761837,"0.5;0.75;1;1.25;1.5;2;2.5;3;4;5;6;8;10"
36_speech,t100,118,zscore,260,3.00000000,0.69761837,"0.5;0.75;1;1.25;1.5;2;2.5;3;4;5;6;8;10"
36_speech,t100,118,zscore,261,2.00000000,0.69761837,"0.5;0.75;1;1.25;1.5;2;2.5;3;4;5;6;8;10"
36_speech,t100,118,zscore,262,3.00000000,0.69761837,"0.5;0.75;1;1.25;1.5;2;2.5;3;4;5;6;8;10"
36_speech,t100,118,zscore,263,3.00000000,0.69761837,"0.5;0.75;1;1.25;1.5;2;2.5;3;4;5;6;8;10"
36_speech,t100,118,zscore,264,3.00000000,0.69761837,"0.5;0.75;1;1.25;1.5;2;2.5;3;4;5;6;8;10"
36_speech,t100,118,zscore,265,3.00000000,0.69761837,"0.5;0.75;1;1.25;1.5;2;2.5;3;4;5;6;8;10"
36_speech,t100,118,zscore,266,3.00000000,0.69761837,"0.5;0.75;1;1.25;1.5;2;2.5;3;4;5;6;8;10"
36_speech,t100,118,zscore,267,3.00000000,0.69761837,"0.5;0.75;1;1.25;1.5;2;2.5;3;4;5;6;8;10"
36_speech,t100,118,zscore,268,3.00000000,0.69761837,"0.5;0.75;1;1.25;1.5;2;2.5;3;4;5;6;8;10"
36_speech,t100,118,zscore,269,3.00000000,0.69761837,"0.5;0.75;1;1.25;1.5;2;2.5;3;4;5;6;8;10"
36_speech,t100,118,zscore,270,3.00000000,0.69761837,"0.5;0.75;1;1.25;1.5;2;2.5;3;4;5;6;8;10"
36_speech,t100,118,zscore,271,2.00000000,0.69761837,"0.5;0.75;1;1.25;1.5;2;2.5;3;4;5;6;8;10"
36_speech,t100,118,zscore,272,3.00000000,0.69761837,"0.5;0.75;1;1.25;1.5;2;2.5;3;4;5;6;8;10"
36_speech,t100,118,zscore,273,3.00000000,0.69761837,"0.5;0.75;1;1.25;1.5;2;2.5;3;4;5;6;8;10"
36_speech,t100,118,zscore,274,2.00000000,0.69761837,"0.5;0.75;1;1.25;1.5;2;2.5;3;4;5;6;8;10"
36_speech,t100,118,zscore,275,3.00000000,0.69761837,"0.5;0.75;1;1.25;1.5;2;2.5;3;4;5;6;8;10"
36_speech,t100,118,zscore,276,3.00000000,0.69761837,"0.5;0.75;1;1.25;1.5;2;2.5;3;4;5;6;8;10"
36_speech,t100,118,zscore,277,3.00000000,0.69761837,"0.5;0.75;1;1.25;1.5;2;2.5;3;4;5;6;8;10"
36_speech,t100,118,zscore,278,3.00000000,0.69761837,"0.5;0.75;1;1.25;1.5;2;2.5;3;4;5;6;8;10"
36_speech,t100,118,zscore,279,3.00000000,0.69761837,"0.5;0.75;1;1.25;1.5;2;2.5;3;4;5;6;8;10"
36_speech,t100,118,zscore,280,3.00000000,0.69761837,"0.5;0.75;1;1.25;1.5;2;2.5;3;4;5;6;8;10"
36_speech,t100,118,zscore,281,3.00000000,0.69761837,"0.5;0.75;1;1.25;1.5;2;2.5;3;4;5;6;8;10"
36_speech,t100,118,zscore,282,3.00000000,0.69761837,"0.5;0.75;1;1.25;1.5;2;2.5;3;4;5;6;8;10"
36_speech,t100,118,zscore,283,3.00000000,0.69761837,"0.5;0.75;1;1.25;1.5;2;2.5;3;4;5;6;8;10"
36_speech,t100,118,zscore,284,3.00000000,0.69761837,"0.5;0.75;1;1.25;1.5;2;2.5;3;4;5;6;8;10"
36_speech,t100,118,zscore,285,3.00000000,0.69761837,"0.5;0.75;1;1.25;1.5;2;2.5;3;4;5;6;8;10"
36_speech,t100,118,zscore,286,3.00000000,0.69761837,"0.5;0.75;1;1.25;1.5;2;2.5;3;4;5;6;8;10"
36_speech,t100,118,zscore,287,3.00000000,0.69761837,"0.5;0.75;1;1.25;1.5;2;2.5;3;4;5;6;8;10"
36_speech,t100,118,zscore,288,3.00000000,0.69761837,"0.5;0.75;1;1.25;1.5;2;2.5;3;4;5;6;8;10"
36_speech,t100,118,zscore,289,3.00000000,0.69761837,"0.5;0.75;1;1.25;1.5;2;2.5;3;4;5;6;8;10"
36_speech,t100,118,zscore,290,3.00000000,0.69761837,"0.5;0.75;1;1.25;1.5;2;2.5;3;4;5;6;8;10"
36_speech,t100,118,zscore,291,3.00000000,0.69761837,"0.5;0.75;1;1.25;1.5;2;2.5;3;4;5;6;8;10"
36_speech,t100,118,zscore,292,3.00000000,0.69761837,"0.5;0.75;1;1.25;1.5;2;2.5;3;4;5;6;8;10"
36_speech,t100,118,zscore,293,3.00000000,0.69761837,"0.5;0.75;1;1.25;1.5;2;2.5;3;4;5;6;8;10"
36_speech,t100,118,zscore,294,3.00000000,0.69761837,"0.5;0.75;1;1.25;1.5;2;2.5;3;4;5;6;8;10"
36_speech,t100,118,zscore,295,2.00000000,0.69761837,"0.5;0.75;1;1.25;1.5;2;2.5;3;4;5;6;8;10"
36_speech,t100,118,zscore,296,2.00000000,0.69761837,"0.5;0.75;1;1.25;1.5;2;2.5;3;4;5;6;8;10"
36_speech,t100,118,zscore,297,3.00000000,0.69761837,"0.5;0.75;1;1.25;1.5;2;2.5;3;4;5;6;8;10"
36_speech,t100,118,zscore,298,3.00000000,0.69761837,"0.5;0.75;1;1.25;1.5;2;2.5;3;4;5;6;8;10"
36_speech,t100,118,zscore,299,3.00000000,0.69761837,"0.5;0.75;1;1.25;1.5;2;2.5;3;4;5;6;8;10"
36_speech,t100,118,zscore,300,3.00000000,0.69761837,"0.5;0.75;1;1.25;1.5;2;2.5;3;4;5;6;8;10"
36_speech,t100,118,zscore,301,3.00000000,0.69761837,"0.5;0.75;1;1.25;1.5;2;2.5;3;4;5;6;8;10"
36_speech,t100,118,zscore,302,3.00000000,0.69761837,"0.5;0.75;1;1.25;1.5;2;2.5;3;4;5;6;8;10"
36_speech,t100,118,zscore,303,3.00000000,0.69761837,"0.5;0.75;1;1.25;1.5;2;2.5;3;4;5;6;8;10"
36_speech,t100,118,zscore,304,3.00000000,0.69761837,"0.5;0.75;1;1.25;1.5;2;2.5;3;4;5;6;8;10"
36_speech,t100,118,zscore,305,3.00000000,0.69761837,"0.5;0.75;1;1.25;1.5;2;2.5;3;4;5;6;8;10"
36_speech,t100,118,zscore,306,3.00000000,0.69761837,"0.5;0.75;1;1.25;1.5;2;2.5;3;4;5;6;8;10"
36_speech,t100,118,zscore,307,3.00000000,0.69761837,"0.5;0.75;1;1.25;1.5;2;2.5;3;4;5;6;8;10"
36_speech,t100,118,zscore,308,3.00000000,0.69761837,"0.5;0.75;1;1.25;1.5;2;2.5;3;4;5;6;8;10"
36_speech,t100,118,zscore,309,3.00000000,0.69761837,"0.5;0.75;1;1.25;1.5;2;2.5;3;4;5;6;8;10"
36_speech,t100,118,zscore,310,3.00000000,0.69761837,"0.5;0.75;1;1.25;1.5;2;2.5;3;4;5;6;8;10"
36_speech,t100,118,zscore,311,3.00000000,0.69761837,"0.5;0.75;1;1.25;1.5;2;2.5;3;4;5;6;8;10"
36_speech,t100,118,zscore,312,3.00000000,0.69761837,"0.5;0.75;1;1.25;1.5;2;2.5;3;4;5;6;8;10"
36_speech,t100,118,zscore,313,3.00000000,0.69761837,"0.5;0.75;1;1.25;1.5;2;2.5;3;4;5;6;8;10"
36_speech,t100,118,zscore,314,3.00000000,0.69761837,"0.5;0.75;1;1.25;1.5;2;2.5;3;4;5;6;8;10"
36_speech,t100,118,zscore,315,3.00000000,0.69761837,"0.5;0.75;1;1.25;1.5;2;2.5;3;4;5;6;8;10"
36_speech,t100,118,zscore,316,3.00000000,0.69761837,"0.5;0.75;1;1.25;1.5;2;2.5;3;4;5;6;8;10"
36_speech,t100,118,zscore,317,3.00000000,0.69761837,"0.5;0.75;1;1.25;1.5;2;2.5;3;4;5;6;8;10"
36_speech,t100,118,zscore,318,3.00000000,0.69761837,"0.5;0.75;1;1.25;1.5;2;2.5;3;4;5;6;8;10"
36_speech,t100,118,zscore,319,3.00000000,0.69761837,"0.5;0.75;1;1.25;1.5;2;2.5;3;4;5;6;8;10"
36_speech,t100,118,zscore,320,3.00000000,0.69761837,"0.5;0.75;1;1.25;1.5;2;2.5;3;4;5;6;8;10"
36_speech,t100,118,zscore,321,3.00000000,0.69761837,"0.5;0.75;1;1.25;1.5;2;2.5;3;4;5;6;8;10"
36_speech,t100,118,zscore,322,3.00000000,0.69761837,"0.5;0.75;1;1.25;1.5;2;2.5;3;4;5;6;8;10"
36_speech,t100,118,zscore,323,3.00000000,0.69761837,"0.5;0.75;1;1.25;1.5;2;2.5;3;4;5;6;8;10"
36_speech,t100,118,zscore,324,3.00000000,0.69761837,"0.5;0.75;1;1.25;1.5;2;2.5;3;4;5;6;8;10"
36_speech,t100,118,zscore,325,3.00000000,0.69761837,"0.5;0.75;1;1.25;1.5;2;2.5;3;4;5;6;8;10"
36_speech,t100,118,zscore,326,3.00000000,0.69761837,"0.5;0.75;1;1.25;1.5;2;2.5;3;4;5;6;8;10"
36_speech,t100,118,zscore,327,3.00000000,0.69761837,"0.5;0.75;1;1.25;1.5;2;2.5;3;4;5;6;8;10"
36_speech,t100,118,zscore,328,3.00000000,0.69761837,"0.5;0.75;1;1.25;1.5;2;2.5;3;4;5;6;8;10"
36_speech,t100,118,zscore,329,3.00000000,0.69761837,"0.5;0.75;1;1.25;1.5;2;2.5;3;4;5;6;8;10"
36_speech,t100,118,zscore,330,2.00000000,0.69761837,"0.5;0.75;1;1.25;1.5;2;2.5;3;4;5;6;8;10"
36_speech,t100,118,zscore,331,3.00000000,0.69761837,"0.5;0.75;1;1.25;1.5;2;2.5;3;4;5;6;8;10"
36_speech,t100,118,zscore,332,3.00000000,0.69761837,"0.5;0.75;1;1.25;1.5;2;2.5;3;4;5;6;8;10"
36_speech,t100,118,zscore,333,3.00000000,0.69761837,"0.5;0.75;1;1.25;1.5;2;2.5;3;4;5;6;8;10"
36_speech,t100,118,zscore,334,3.00000000,0.69761837,"0.5;0.75;1;1.25;1.5;2;2.5;3;4;5;6;8;10"
36_speech,t100,118,zscore,335,3.00000000,0.69761837,"0.5;0.75;1;1.25;1.5;2;2.5;3;4;5;6;8;10"
36_speech,t100,118,zscore,336,3.00000000,0.69761837,"0.5;0.75;1;1.25;1.5;2;2.5;3;4;5;6;8;10"
36_speech,t100,118,zscore,337,3.00000000,0.69761837,"0.5;0.75;1;1.25;1.5;2;2.5;3;4;5;6;8;10"
36_speech,t100,118,zscore,338,3.00000000,0.69761837,"0.5;0.75;1;1.25;1.5;2;2.5;3;4;5;6;8;10"
36_speech,t100,118,zscore,339,3.00000000,0.69761837,"0.5;0.75;1;1.25;1.5;2;2.5;3;4;5;6;8;10"
36_speech,t100,118,zscore,340,3.00000000,0.69761837,"0.5;0.75;1;1.25;1.5;2;2.5;3;4;5;6;8;10"
36_speech,t100,118,zscore,341,3.00000000,0.69761837,"0.5;0.75;1;1.25;1.5;2;2.5;3;4;5;6;8;10"
36_speech,t100,118,zscore,342,3.00000000,0.69761837,"0.5;0.75;1;1.25;1.5;2;2.5;3;4;5;6;8;10"
36_speech,t100,118,zscore,343,3.00000000,0.69761837,"0.5;0.75;1;1.25;1.5;2;2.5;3;4;5;6;8;10"
36_speech,t100,118,zscore,344,3.00000000,0.69761837,"0.5;0.75;1;1.25;1.5;2;2.5;3;4;5;6;8;10"
36_speech,t100,118,zscore,345,3.00000000,0.69761837,"0.5;0.75;1;1.25;1.5;2;2.5;3;4;5;6;8;10"
36_speech,t100,118,zscore,346,2.00000000,0.69761837,"0.5;0.75;1;1.25;1.5;2;2.5;3;4;5;6;8;10"
36_speech,t100,118,zscore,347,2.00000000,0.69761837,"0.5;0.75;1;1.25;1.5;2;2.5;3;4;5;6;8;10"
36_speech,t100,118,zscore,348,3.00000000,0.69761837,"0.5;0.75;1;1.25;1.5;2;2.5;3;4;5;6;8;10"
36_speech,t100,118,zscore,349,3.00000000,0.69761837,"0.5;0.75;1;1.25;1.5;2;2.5;3;4;5;6;8;10"
36_speech,t100,118,zscore,350,3.00000000,0.69761837,"0.5;0.75;1;1.25;1.5;2;2.5;3;4;5;6;8;10"
36_speech,t100,118,zscore,351,3.00000000,0.69761837,"0.5;0.75;1;1.25;1.5;2;2.5;3;4;5;6;8;10"
36_speech,t100,118,zscore,352,3.00000000,0.69761837,"0.5;0.75;1;1.25;1.5;2;2.5;3;4;5;6;8;10"
36_speech,t100,118,zscore,353,3.00000000,0.69761837,"0.5;0.75;1;1.25;1.5;2;2.5;3;4;5;6;8;10"
36_speech,t100,118,zscore,354,3.00000000,0.69761837,"0.5;0.75;1;1.25;1.5;2;2.5;3;4;5;6;8;10"
36_speech,t100,118,zscore,355,3.00000000,0.69761837,"0.5;0.75;1;1.25;1.5;2;2.5;3;4;5;6;8;10"
36_speech,t100,118,zscore,356,3.00000000,0.69761837,"0.5;0.75;1;1.25;1.5;2;2.5;3;4;5;6;8;10"
36_speech,t100,118,zscore,357,3.00000000,0.69761837,"0.5;0.75;1;1.25;1.5;2;2.5;3;4;5;6;8;10"
36_speech,t100,118,zscore,358,3.00000000,0.69761837,"0.5;0.75;1;1.25;1.5;2;2.5;3;4;5;6;8;10"
36_speech,t100,118,zscore,359,3.00000000,0.69761837,"0.5;0.75;1;1.25;1.5;2;2.5;3;4;5;6;8;10"
36_speech,t100,118,zscore,360,3.00000000,0.69761837,"0.5;0.75;1;1.25;1.5;2;2.5;3;4;5;6;8;10"
36_speech,t100,118,zscore,361,3.00000000,0.69761837,"0.5;0.75;1;1.25;1.5;2;2.5;3;4;5;6;8;10"
36_speech,t100,118,zscore,362,3.00000000,0.69761837,"0.5;0.75;1;1.25;1.5;2;2.5;3;4;5;6;8;10"
36_speech,t100,118,zscore,363,3.00000000,0.69761837,"0.5;0.75;1;1.25;1.5;2;2.5;3;4;5;6;8;10"
36_speech,t100,118,zscore,364,3.00000000,0.69761837,"0.5;0.75;1;1.25;1.5;2;2.5;3;4;5;6;8;10"
36_speech,t100,118,zscore,365,3.00000000,0.69761837,"0.5;0.75;1;1.25;1.5;2;2.5;3;4;5;6;8;10"
36_speech,t100,118,zscore,366,3.00000000,0.69761837,"0.5;0.75;1;1.25;1.5;2;2.5;3;4;5;6;8;10"
36_speech,t100,118,zscore,367,3.00000000,0.69761837,"0.5;0.75;1;1.25;1.5;2;2.5;3;4;5;6;8;10"
36_speech,t100,118,zscore,368,3.00000000,0.69761837,"0.5;0.75;1;1.25;1.5;2;2.5;3;4;5;6;8;10"
36_speech,t100,118,zscore,369,3.00000000,0.69761837,"0.5;0.75;1;1.25;1.5;2;2.5;3;4;5;6;8;10"
36_speech,t100,118,zscore,370,3.00000000,0.69761837,"0.5;0.75;1;1.25;1.5;2;2.5;3;4;5;6;8;10"
36_speech,t100,118,zscore,371,3.00000000,0.69761837,"0.5;0.75;1;1.25;1.5;2;2.5;3;4;5;6;8;10"
36_speech,t100,118,zscore,372,3.00000000,0.69761837,"0.5;0.75;1;1.25;1.5;2;2.5;3;4;5;6;8;10"
36_speech,t100,118,zscore,373,3.00000000,0.69761837,"0.5;0.75;1;1.25;1.5;2;2.5;3;4;5;6;8;10"
36_speech,t100,118,zscore,374,3.00000000,0.69761837,"0.5;0.75;1;1.25;1.5;2;2.5;3;4;5;6;8;10"
36_speech,t100,118,zscore,375,3.00000000,0.69761837,"0.5;0.75;1;1.25;1.5;2;2.5;3;4;5;6;8;10"
36_speech,t100,118,zscore,376,3.00000000,0.69761837,"0.5;0.75;1;1.25;1.5;2;2.5;3;4;5;6;8;10"
36_speech,t100,118,zscore,377,3.00000000,0.69761837,"0.5;0.75;1;1.25;1.5;2;2.5;3;4;5;6;8;10"
36_speech,t100,118,zscore,378,3.00000000,0.69761837,"0.5;0.75;1;1.25;1.5;2;2.5;3;4;5;6;8;10"
36_speech,t100,118,zscore,379,3.00000000,0.69761837,"0.5;0.75;1;1.25;1.5;2;2.5;3;4;5;6;8;10"
36_speech,t100,118,zscore,380,3.00000000,0.69761837,"0.5;0.75;1;1.25;1.5;2;2.5;3;4;5;6;8;10"
36_speech,t100,118,zscore,381,3.00000000,0.69761837,"0.5;0.75;1;1.25;1.5;2;2.5;3;4;5;6;8;10"
36_speech,t100,118,zscore,382,3.00000000,0.69761837,"0.5;0.75;1;1.25;1.5;2;2.5;3;4;5;6;8;10"
36_speech,t100,118,zscore,383,3.00000000,0.69761837,"0.5;0.75;1;1.25;1.5;2;2.5;3;4;5;6;8;10"
36_speech,t100,118,zscore,384,2.00000000,0.69761837,"0.5;0.75;1;1.25;1.5;2;2.5;3;4;5;6;8;10"
36_speech,t100,118,zscore,385,3.00000000,0.69761837,"0.5;0.75;1;1.25;1.5;2;2.5;3;4;5;6;8;10"
36_speech,t100,118,zscore,386,3.00000000,0.69761837,"0.5;0.75;1;1.25;1.5;2;2.5;3;4;5;6;8;10"
36_speech,t100,118,zscore,387,3.00000000,0.69761837,"0.5;0.75;1;1.25;1.5;2;2.5;3;4;5;6;8;10"
36_speech,t100,118,zscore,388,3.00000000,0.69761837,"0.5;0.75;1;1.25;1.5;2;2.5;3;4;5;6;8;10"
36_speech,t100,118,zscore,389,3.00000000,0.69761837,"0.5;0.75;1;1.25;1.5;2;2.5;3;4;5;6;8;10"
36_speech,t100,118,zscore,390,3.00000000,0.69761837,"0.5;0.75;1;1.25;1.5;2;2.5;3;4;5;6;8;10"
36_speech,t100,118,zscore,391,3.00000000,0.69761837,"0.5;0.75;1;1.25;1.5;2;2.5;3;4;5;6;8;10"
36_speech,t100,118,zscore,392,3.00000000,0.69761837,"0.5;0.75;1;1.25;1.5;2;2.5;3;4;5;6;8;10"
36_speech,t100,118,zscore,393,3.00000000,0.69761837,"0.5;0.75;1;1.25;1.5;2;2.5;3;4;5;6;8;10"
36_speech,t100,118,zscore,394,3.00000000,0.69761837,"0.5;0.75;1;1.25;1.5;2;2.5;3;4;5;6;8;10"
36_speech,t100,118,zscore,395,3.00000000,0.69761837,"0.5;0.75;1;1.25;1.5;2;2.5;3;4;5;6;8;10"
36_speech,t100,118,zscore,396,3.00000000,0.69761837,"0.5;0.75;1;1.25;1.5;2;2.5;3;4;5;6;8;10"
36_speech,t100,118,zscore,397,3.00000000,0.69761837,"0.5;0.75;1;1.25;1.5;2;2.5;3;4;5;6;8;10"
36_speech,t100,118,zscore,398,3.00000000,0.69761837,"0.5;0.75;1;1.25;1.5;2;2.5;3;4;5;6;8;10"
36_speech,t100,118,zscore,399,3.00000000,0.69761837,"0.5;0.75;1;1.25;1.5;2;2.5;3;4;5;6;8;10"
